"CTL1"	"CTL2"	"KO1"	"KO2"
"mmu-mir-6967-3p"	0	0	0	2.34654840329841
"mmu-mir-219b-5p"	1.07387580374975	2.51434810396439	0.909379479017626	0
"mmu-mir-125a-5p"	635.734475819855	450.068310609626	713.862891028836	910.460780479782
"mmu-mir-6994-3p"	1.07387580374975	1.67623206930959	0	1.1732742016492
"mmu-mir-324-3p"	102.018201356227	114.821896747707	51.8346303040047	28.1585808395809
"mmu-mir-196a-2-3p"	5.36937901874878	0.838116034654796	3.6375179160705	1.1732742016492
"mmu-mir-667-5p"	59.0631692062365	59.5062384604905	90.028568422745	55.1438874775126
"mmu-mir-669f-5p"	59.0631692062365	49.448846044633	42.7408355138284	29.3318550412301
"mmu-mir-6392-5p"	0	0	0.909379479017626	1.1732742016492
"mmu-mir-374b-3p"	1.07387580374975	3.35246413861918	2.72813843705288	1.1732742016492
"mmu-mir-455-5p"	50.4721627762385	31.0102932822275	14.550071664282	38.7180486544237
"mmu-mir-193a-5p"	3.22162741124927	14.2479725891315	6.36565635312338	5.86637100824602
"mmu-mir-669g"	3.22162741124927	2.51434810396439	8.18441531115863	1.1732742016492
"mmu-mir-1930-3p"	1.07387580374975	0	0.909379479017626	2.34654840329841
"mmu-mir-7688-3p"	1.07387580374975	0	0	0
"mmu-mir-500-5p"	4.29550321499902	0.838116034654796	0	1.1732742016492
"mmu-mir-704"	5.36937901874878	5.02869620792878	2.72813843705288	2.34654840329841
"mmu-mir-1197-3p"	135.308351272469	100.573924158576	49.1064918669518	42.2378712593713
"mmu-mir-1249-5p"	0	0.838116034654796	0.909379479017626	0
"mmu-mir-188-3p"	1.07387580374975	0	0.909379479017626	1.1732742016492
"mmu-mir-7648-3p"	1.07387580374975	0	0	0
"mmu-mir-7238-5p"	0	0	0.909379479017626	0
"mmu-mir-425-5p"	666.876874128598	509.574549070116	541.990169494505	730.949827627454
"mmu-mir-6942-5p"	0	0	1.81875895803525	0
"mmu-mir-491-5p"	1.07387580374975	1.67623206930959	0	1.1732742016492
"mmu-mir-467c-3p"	2.14775160749951	1.67623206930959	0.909379479017626	0
"mmu-mir-466l-5p"	0	0.838116034654796	0.909379479017626	2.34654840329841
"mmu-mir-1198-3p"	2.14775160749951	2.51434810396439	2.72813843705288	2.34654840329841
"mmu-mir-1a-3p"	3.22162741124927	1.67623206930959	0.909379479017626	3.51982260494761
"mmu-mir-342-3p"	90.2055675149794	90.516531742718	60.9284250941809	72.7430005022506
"mmu-mir-1953"	0	1.67623206930959	0.909379479017626	0
"mmu-mir-1955-5p"	0	1.67623206930959	4.54689739508813	2.34654840329841
"mmu-mir-3103-3p"	2.14775160749951	0	0	0
"mmu-mir-466k"	9.66488223374779	5.86681224258357	11.8219332272291	9.38619361319363
"mmu-mir-1968-5p"	57.9892934024868	75.4304431189316	70.9315993633748	61.0102584857586
"mmu-mir-326-3p"	6.44325482249853	9.21927638120276	5.45627687410576	2.34654840329841
"mmu-mir-1960"	2.14775160749951	3.35246413861918	0	0
"mmu-mir-196b-5p"	4.29550321499902	3.35246413861918	3.6375179160705	3.51982260494761
"mmu-let-7d-5p"	74.0974304587331	86.325951569444	2395.30554773243	3984.4391888007
"mmu-mir-7669-5p"	0	0	0.909379479017626	0
"mmu-mir-126b-3p"	1.07387580374975	0.838116034654796	1.81875895803525	0
"mmu-mir-5103"	4.29550321499902	0.838116034654796	1.81875895803525	0
"mmu-mir-5121"	34.3640257199922	43.5820338020494	64.5659430102514	48.1042422676174
"mmu-mir-505-5p"	11.8126338412473	7.54304431189317	7.27503583214101	8.21291941154442
"mmu-mir-676-3p"	80.5406852812316	79.6210232922056	70.9315993633748	91.5153877286379
"mmu-mir-23a-3p"	154.638115739965	199.471616247841	198.244726425842	129.060162181412
"mmu-mir-3094-3p"	0	0	0.909379479017626	0
"mmu-mir-215-5p"	1.07387580374975	0	0	1.1732742016492
"mmu-mir-6933-5p"	2.14775160749951	0.838116034654796	5.45627687410576	5.86637100824602
"mmu-mir-6987-5p"	1.07387580374975	0	0.909379479017626	0
"mmu-mir-323-3p"	1541.0117783809	1597.44916205204	956.667211926542	1004.32271661172
"mmu-mir-6394"	0	0.838116034654796	0	0
"mmu-mir-8118"	0	0.838116034654796	3.6375179160705	2.34654840329841
"mmu-mir-107-5p"	0	0	0.909379479017626	0
"mmu-mir-1668"	2.14775160749951	1.67623206930959	0.909379479017626	0
"mmu-mir-181b-5p"	18.2558886637458	12.5717405198219	4.54689739508813	11.732742016492
"mmu-mir-329-5p"	419.885439266154	365.418591109491	384.667519624456	239.347937136438
"mmu-mir-6948-3p"	0	0.838116034654796	0.909379479017626	0
"mmu-mir-542-3p"	225.513918787449	414.029321119469	280.998259016446	123.193791173166
"mmu-mir-28a-5p"	64.4325482249853	82.9734874308248	120.947470709344	105.594678148428
"mmu-mir-6410"	0	0.838116034654796	0	0
"mmu-mir-669m-3p"	2.14775160749951	3.35246413861918	3.6375179160705	3.51982260494761
"mmu-mir-296-5p"	397.334047387409	350.332502485705	252.8074951669	252.253953354579
"mmu-mir-433-5p"	25.7730192899941	22.6291329356795	38.1939381187403	34.0249518478269
"mmu-mir-3070-5p"	2.14775160749951	2.51434810396439	3.6375179160705	4.69309680659681
"mmu-mir-34c-3p"	1.07387580374975	0	0.909379479017626	1.1732742016492
"mmu-mir-410-5p"	9.66488223374779	12.5717405198219	16.3688306223173	18.7723872263873
"mmu-mir-300-3p"	5114.87045326008	4942.37025635933	6362.92821468633	4425.5902886208
"mmu-let-7e-3p"	3.22162741124927	1.67623206930959	7.27503583214101	8.21291941154442
"mmu-mir-99b-5p"	1882.50428397332	1501.90393410139	2076.11335059724	2063.78932070095
"mmu-mir-8103"	2.14775160749951	0	0	3.51982260494761
"mmu-mir-467f"	8.59100642999804	3.35246413861918	2.72813843705288	4.69309680659681
"mmu-mir-467a-3p"	161.081370562463	201.985964351806	174.600859971384	113.807597559973
"mmu-mir-6933-3p"	0	0	0	1.1732742016492
"mmu-mir-7069-5p"	0	0	1.81875895803525	1.1732742016492
"mmu-mir-152-5p"	19.3297644674956	8.38116034654796	6.36565635312338	5.86637100824602
"mmu-mir-367-3p"	17.1820128599961	16.7623206930959	19.0969690593701	17.5991130247381
"mmu-mir-412-3p"	4.29550321499902	3.35246413861918	8.18441531115863	9.38619361319363
"mmu-mir-669c-5p"	255.582441292442	198.633500213187	180.05713684549	282.759082597458
"mmu-mir-8106"	1.07387580374975	0	0	1.1732742016492
"mmu-mir-6966-3p"	0	1.67623206930959	0	0
"mmu-mir-484"	1059.91541830101	1209.40143800687	1011.2299806676	1180.3138468591
"mmu-mir-450b-5p"	193.297644674956	151.699002272518	232.801146628512	150.179097811098
"mmu-mir-5099"	5623.88758423747	8147.32597287927	5496.28957118253	6220.69981714408
"mmu-mir-5129-3p"	1.07387580374975	0	0.909379479017626	0
"mmu-mir-150-3p"	11.8126338412473	17.6004367277507	12.7313127062468	10.5594678148428
"mmu-mir-93-5p"	5836.51499337992	6854.11293140692	6961.29991187993	4146.35102862829
"mmu-mir-7661-3p"	0	0	0	1.1732742016492
"mmu-mir-7010-5p"	0	0	0.909379479017626	0
"mmu-mir-19b-2-5p"	3.22162741124927	0.838116034654796	2.72813843705288	2.34654840329841
"mmu-mir-6928-5p"	1.07387580374975	0	0	0
"mmu-mir-668-3p"	50.4721627762385	26.8197131089535	23.6438664544583	28.1585808395809
"mmu-mir-7053-3p"	0	0	0.909379479017626	0
"mmu-mir-375-3p"	3.22162741124927	0	1.81875895803525	0
"mmu-mir-499-3p"	3.22162741124927	0	1.81875895803525	2.34654840329841
"mmu-mir-212-5p"	1.07387580374975	1.67623206930959	0.909379479017626	1.1732742016492
"mmu-mir-1306-3p"	19.3297644674956	18.4385527624055	14.550071664282	5.86637100824602
"mmu-mir-129-5p"	30.0685225049931	25.1434810396439	31.8282817656169	38.7180486544237
"mmu-mir-142a-5p"	275.986081563687	235.510605737998	155.503890912014	76.2628231071982
"mmu-mir-302d-3p"	963.26659596353	930.308798466824	777.51945456007	2121.27975658176
"mmu-mir-3064-3p"	1.07387580374975	1.67623206930959	0.909379479017626	0
"mmu-mir-493-5p"	82.6884368887311	77.1066751882412	76.3878762374806	98.5550329385331
"mmu-mir-3086-5p"	2.14775160749951	1.67623206930959	0	1.1732742016492
"mmu-mir-5620-3p"	0	0	0	1.1732742016492
"mmu-mir-154-3p"	259.877944507441	266.520899020225	154.594511432996	159.565291424292
"mmu-mir-2139"	0	0	0.909379479017626	0
"mmu-mir-7045-5p"	1.07387580374975	0	0	0
"mmu-mir-133c"	0	0	0.909379479017626	0
"mmu-mir-675-5p"	0	0.838116034654796	0	0
"mmu-mir-582-5p"	25.7730192899941	40.2295696634302	20.0063485383878	17.5991130247381
"mmu-mir-149-3p"	2.14775160749951	0	0.909379479017626	1.1732742016492
"mmu-mir-6980-5p"	0	0.838116034654796	0	0
"mmu-mir-29c-5p"	16.1081370562463	20.9529008663699	6.36565635312338	16.4258388230888
"mmu-mir-378c"	152.490364132465	217.910169010247	220.979213401283	125.540339576465
"mmu-mir-1191a"	111.683083589975	129.069869336839	91.8473273807802	91.5153877286379
"mmu-mir-6910-5p"	0	0	0	1.1732742016492
"mmu-mir-6996-5p"	0	0	0.909379479017626	0
"mmu-mir-6238"	6.44325482249853	11.7336244851671	7.27503583214101	18.7723872263873
"mmu-mir-701-3p"	1.07387580374975	0	0	0
"mmu-mir-7006-3p"	0	0	0.909379479017626	1.1732742016492
"mmu-mir-682"	2.14775160749951	4.19058017327398	0	1.1732742016492
"mmu-mir-206-3p"	1.07387580374975	0	0.909379479017626	0
"mmu-mir-363-3p"	4003.40899637909	4583.65659352708	6306.54668698724	4324.68870727896
"mmu-mir-31-3p"	2.14775160749951	1.67623206930959	0.909379479017626	0
"mmu-mir-193b-5p"	0	1.67623206930959	0	0
"mmu-mir-219c-5p"	2.14775160749951	0.838116034654796	4.54689739508813	3.51982260494761
"mmu-mir-1198-5p"	95.5749465337282	133.260449510113	134.588162894609	158.392017222642
"mmu-mir-669a-5p"	462.840471416144	332.732065757954	370.117447960174	355.502083099709
"mmu-mir-8111"	39.7334047387409	30.1721772475727	35.4657996816874	44.5844196626697
"mmu-mir-466m-3p"	9.66488223374779	15.0860886237863	13.6406921852644	4.69309680659681
"mmu-mir-497b"	8.59100642999804	0.838116034654796	5.45627687410576	3.51982260494761
"mmu-mir-152-3p"	149.268736721216	177.680599346817	66.3847019682867	41.0645970577221
"mmu-mir-700-5p"	76.2451820662326	48.6107300099782	28.1907638495464	15.2525646214396
"mmu-mir-7221-3p"	0	0.838116034654796	0.909379479017626	1.1732742016492
"mmu-mir-466n-3p"	1.07387580374975	4.19058017327398	3.6375179160705	7.03964520989522
"mmu-mir-297b-5p"	86.9839401037301	77.1066751882412	64.5659430102514	86.8222909220411
"mmu-mir-708-5p"	764.599572269826	748.437618946733	923.929550681908	824.81176375939
"mmu-mir-1187"	30.0685225049931	12.5717405198219	21.825107496423	32.8516776461777
"mmu-mir-194-2-3p"	0	4.19058017327398	1.81875895803525	3.51982260494761
"mmu-mir-7036b-5p"	1.07387580374975	0	0.909379479017626	1.1732742016492
"mmu-mir-6384"	0	0.838116034654796	0	0
"mmu-mir-8108"	3.22162741124927	0	0	0
"mmu-mir-504-5p"	1.07387580374975	0	2.72813843705288	5.86637100824602
"mmu-mir-1961"	3.22162741124927	0.838116034654796	1.81875895803525	5.86637100824602
"mmu-mir-615-5p"	5.36937901874878	16.7623206930959	14.550071664282	16.4258388230888
"mmu-mir-6516-3p"	26.8468950937439	70.4017469110029	67.2940814473043	62.1835326874078
"mmu-mir-7040-5p"	0	0.838116034654796	0	0
"mmu-mir-145b"	1.07387580374975	0	0	0
"mmu-mir-106b-5p"	1338.04925147219	1637.67873171547	1314.05334718047	1016.05545862821
"mmu-mir-1957b"	2.14775160749951	1.67623206930959	1.81875895803525	1.1732742016492
"mmu-mir-1946b"	21.4775160749951	25.9815970742987	24.5532459334759	35.1982260494761
"mmu-let-7k"	0	0	1.81875895803525	5.86637100824602
"mmu-mir-1943-5p"	4.29550321499902	5.86681224258357	3.6375179160705	4.69309680659681
"mmu-mir-193b-3p"	11.8126338412473	6.70492827723837	10.9125537482115	7.03964520989522
"mmu-mir-3070-3p"	2.14775160749951	3.35246413861918	7.27503583214101	5.86637100824602
"mmu-mir-505-3p"	8.59100642999804	11.7336244851671	6.36565635312338	4.69309680659681
"mmu-mir-6962-3p"	0	0	0.909379479017626	0
"mmu-mir-6998-5p"	0	0.838116034654796	0	1.1732742016492
"mmu-mir-3069-5p"	0	0.838116034654796	0	0
"mmu-mir-339-3p"	21.4775160749951	14.2479725891315	18.1875895803525	23.4654840329841
"mmu-mir-7652-5p"	1.07387580374975	0.838116034654796	0	2.34654840329841
"mmu-mir-467h"	10.7387580374976	5.86681224258357	2.72813843705288	5.86637100824602
"mmu-mir-467e-5p"	260.95182031119	226.291329356795	227.344869754406	262.813421169422
"mmu-mir-1934-5p"	5.36937901874878	7.54304431189317	1.81875895803525	3.51982260494761
"mmu-mir-106b-3p"	655.064240287351	681.388336174349	703.859716759642	531.493213347089
"mmu-mir-122-5p"	2.14775160749951	2.51434810396439	6.36565635312338	2.34654840329841
"mmu-mir-380-3p"	735.604925568582	430.791641812565	384.667519624456	466.963132256383
"mmu-mir-551b-5p"	1.07387580374975	0	0	0
"mmu-mir-3082-5p"	1.07387580374975	2.51434810396439	1.81875895803525	4.69309680659681
"mmu-mir-345-5p"	19.3297644674956	7.54304431189317	12.7313127062468	12.9060162181412
"mmu-mir-7650-5p"	4.29550321499902	0	0.909379479017626	1.1732742016492
"mmu-mir-363-5p"	242.695931647445	549.804118733546	173.691480492367	145.486001004501
"mmu-let-7c-5p"	119.200214216223	200.309732282496	175.510239450402	246.387582346333
"mmu-mir-7090-3p"	0	0.838116034654796	0	0
"mmu-mir-185-3p"	16.1081370562463	10.8955084505124	6.36565635312338	12.9060162181412
"mmu-mir-7026-3p"	0	0	0.909379479017626	0
"mmu-mir-672-3p"	4.29550321499902	0.838116034654796	10.9125537482115	3.51982260494761
"mmu-mir-28c"	4.29550321499902	2.51434810396439	4.54689739508813	4.69309680659681
"mmu-mir-341-3p"	2998.26124406932	2791.76451143513	3137.35920261081	2587.06961463649
"mmu-mir-301a-3p"	107.387580374975	84.6497195001344	124.584988625415	138.446355794606
"mmu-mir-23b-3p"	401.629550602408	403.971928703612	327.376612446345	263.986695371071
"mmu-mir-207"	0	0	0.909379479017626	0
"mmu-mir-21c"	3.22162741124927	2.51434810396439	4.54689739508813	3.51982260494761
"mmu-mir-20b-5p"	3791.85546304039	5261.69246556281	4996.13085772284	3106.83008596709
"mmu-mir-6918-5p"	0	0	0	2.34654840329841
"mmu-mir-300-5p"	28.9946467012434	26.8197131089535	20.0063485383878	18.7723872263873
"mmu-mir-712-5p"	37.5856531312414	36.877105524811	39.1033175977579	39.8913228560729
"mmu-mir-6991-5p"	0	0	0.909379479017626	0
"mmu-mir-92b-5p"	31.1423983087429	25.1434810396439	29.100143328564	55.1438874775126
"mmu-mir-374c-5p"	0	0	0.909379479017626	0
"mmu-mir-5123"	1.07387580374975	3.35246413861918	0	2.34654840329841
"mmu-mir-148a-3p"	12591.1937989659	11222.3737040277	9524.84066323061	10005.6823916644
"mmu-mir-496a-3p"	27.9207708974936	29.3340612129179	26.3720048915112	18.7723872263873
"mmu-mir-218-5p"	343.640257199922	230.481909530069	329.195371404381	376.621018729394
"mmu-mir-872-5p"	551.972163127374	610.986589263346	969.398524632789	762.628231071982
"mmu-mir-322-3p"	38.6595289349912	37.7152215594658	94.5754658178331	48.1042422676174
"mmu-mir-8095"	0	0.838116034654796	0	0
"mmu-mir-497a-5p"	63.3586724212355	87.1640676040988	96.3942247758684	99.7283071401823
"mmu-mir-1927"	2.14775160749951	2.51434810396439	0.909379479017626	1.1732742016492
"mmu-mir-491-3p"	1.07387580374975	0	0	0
"mmu-mir-1958"	1.07387580374975	0.838116034654796	0.909379479017626	0
"mmu-mir-5108"	1.07387580374975	0	0	0
"mmu-mir-3091-5p"	1.07387580374975	0.838116034654796	0	0
"mmu-mir-7018-5p"	0	0	0.909379479017626	0
"mmu-mir-5134-3p"	2.14775160749951	1.67623206930959	1.81875895803525	0
"mmu-mir-362-5p"	120.274090019973	139.127261752696	67.2940814473043	56.3171616791618
"mmu-mir-344c-3p"	0	1.67623206930959	0	0
"mmu-mir-1843b-5p"	23.6252676824946	21.7910169010247	19.0969690593701	17.5991130247381
"mmu-mir-5124a"	0	0.838116034654796	0.909379479017626	2.34654840329841
"mmu-mir-346-3p"	0	1.67623206930959	0.909379479017626	1.1732742016492
"mmu-mir-6938-3p"	2.14775160749951	1.67623206930959	0	0
"mmu-let-7c-2-3p"	15.0342612524966	14.2479725891315	54.5627687410576	50.4507906709158
"mmu-mir-449c-5p"	1.07387580374975	0	0	0
"mmu-mir-18b-5p"	824.736617279812	837.277918620141	1195.83401490818	800.173005524757
"mmu-mir-297a-5p"	71.9496788512336	64.5349346684193	44.5595944718637	43.4111454610205
"mmu-mir-471-5p"	0	0	3.6375179160705	7.03964520989522
"mmu-mir-6392-3p"	0	0	0	1.1732742016492
"mmu-mir-5110"	1.07387580374975	0	0	0
"mmu-mir-669e-5p"	66.5802998324848	51.9631941485974	56.3815276990928	64.5300810907062
"mmu-mir-301b-5p"	89.1316917112297	63.6968186337645	64.5659430102514	105.594678148428
"mmu-mir-98-3p"	2.14775160749951	0	15.4594511432996	5.86637100824602
"mmu-mir-324-5p"	52.619914383738	54.4775422525617	45.4689739508813	44.5844196626697
"mmu-mir-344g-3p"	0	0.838116034654796	0	0
"mmu-mir-1967"	0	0.838116034654796	0.909379479017626	1.1732742016492
"mmu-mir-30d-5p"	5242.6616739063	7117.28136628853	3855.76899103473	3670.00170275871
"mmu-let-7b-3p"	0	0	0	1.1732742016492
"mmu-mir-6369"	1.07387580374975	0.838116034654796	1.81875895803525	1.1732742016492
"mmu-mir-224-3p"	0	0	0	1.1732742016492
"mmu-mir-129-1-3p"	0	1.67623206930959	0	3.51982260494761
"mmu-mir-3085-3p"	3.22162741124927	5.02869620792878	0.909379479017626	1.1732742016492
"mmu-mir-3058-3p"	3.22162741124927	2.51434810396439	0.909379479017626	1.1732742016492
"mmu-mir-190b-5p"	2.14775160749951	3.35246413861918	3.6375179160705	3.51982260494761
"mmu-mir-935"	12.8865096449971	11.7336244851671	9.09379479017626	11.732742016492
"mmu-mir-302a-5p"	320.014989517427	420.734249396708	300.095228075817	1099.3579269453
"mmu-mir-767"	1.07387580374975	1.67623206930959	3.6375179160705	4.69309680659681
"mmu-mir-669d-2-3p"	1.07387580374975	3.35246413861918	0	0
"mmu-mir-3070-2-3p"	0	0.838116034654796	0	0
"mmu-mir-6236"	817.219486653564	846.497195001344	811.166495283722	1016.05545862821
"mmu-mir-466c-5p"	108.461456178725	59.5062384604905	97.303604254886	73.9162747038998
"mmu-mir-351-5p"	207.258030123703	144.99407399528	173.691480492367	173.644581844082
"mmu-mir-6538"	2.14775160749951	2.51434810396439	2.72813843705288	21.1189356296857
"mmu-mir-144-5p"	0	0	0	1.1732742016492
"mmu-mir-361-3p"	446.732334359898	423.248597500672	311.917161303046	384.833938140939
"mmu-mir-338-5p"	1.07387580374975	0	0	0
"mmu-mir-7091-3p"	0	0	0	1.1732742016492
"mmu-mir-6944-5p"	0	0.838116034654796	0	0
"mmu-mir-9769-3p"	0	0.838116034654796	0	1.1732742016492
"mmu-mir-6946-3p"	1.07387580374975	0	0.909379479017626	0
"mmu-mir-6413"	1.07387580374975	0.838116034654796	3.6375179160705	5.86637100824602
"mmu-mir-6997-5p"	1.07387580374975	0	0.909379479017626	1.1732742016492
"mmu-mir-148a-5p"	158.933618954964	139.127261752696	117.309952793274	95.0352103335855
"mmu-mir-709"	70.8758030474838	113.145664678397	84.5722915486392	105.594678148428
"mmu-mir-16-5p"	1614.03533303588	1845.53150830986	1515.93559152238	1307.02746063721
"mmu-mir-654-5p"	0	0	0	1.1732742016492
"mmu-mir-6923-3p"	0	0.838116034654796	1.81875895803525	1.1732742016492
"mmu-mir-5134-5p"	4.29550321499902	0.838116034654796	0	0
"mmu-mir-7058-5p"	0	0	0	1.1732742016492
"mmu-mir-7026-5p"	0	2.51434810396439	0	0
"mmu-mir-142a-3p"	324.310492732426	216.233936940937	260.082530999041	79.7826457121459
"mmu-mir-7667-5p"	1.07387580374975	0	1.81875895803525	0
"mmu-mir-219a-5p"	21.4775160749951	18.4385527624055	20.9157280174054	21.1189356296857
"mmu-mir-1258-3p"	3.22162741124927	8.38116034654796	3.6375179160705	3.51982260494761
"mmu-mir-203-3p"	2.14775160749951	10.8955084505124	7.27503583214101	4.69309680659681
"mmu-mir-124-3p"	147.120985113716	194.442920039913	160.96016778612	119.673968568219
"mmu-mir-7a-5p"	21396.9753897139	19330.3082232782	10251.4348669657	13372.9793503976
"mmu-mir-1b-5p"	1.07387580374975	0	0.909379479017626	0
"mmu-mir-7017-5p"	0	0	0	1.1732742016492
"mmu-mir-27b-3p"	4820.62848303265	4518.28354282401	4279.53982825695	2597.62908245134
"mmu-mir-6897-5p"	1.07387580374975	0.838116034654796	0	0
"mmu-mir-466b-5p"	75.1713062624828	53.639426217907	72.7503583214101	69.223177897303
"mmu-mir-672-5p"	656.1381160911	779.44791222896	913.016996933696	851.797070397322
"mmu-mir-410-3p"	2234.73554760324	2329.12446030568	1725.09287169644	1378.59718693781
"mmu-mir-7043-3p"	2.14775160749951	0	0	0
"mmu-mir-7073-5p"	2.14775160749951	3.35246413861918	1.81875895803525	2.34654840329841
"mmu-mir-652-5p"	5.36937901874878	5.02869620792878	4.54689739508813	0
"mmu-mir-5622-5p"	1.07387580374975	0	0	0
"mmu-mir-5625-3p"	0	0.838116034654796	2.72813843705288	0
"mmu-mir-878-3p"	1.07387580374975	0	2.72813843705288	0
"mmu-mir-466g"	73.0235546549833	102.250156227885	93.6660863388155	61.0102584857586
"mmu-mir-6970-5p"	0	0.838116034654796	1.81875895803525	1.1732742016492
"mmu-mir-205-3p"	1.07387580374975	10.0573924158576	7.27503583214101	5.86637100824602
"mmu-mir-494-3p"	2184.263384827	3325.64442551023	1011.2299806676	932.752990311117
"mmu-mir-1193-5p"	12.8865096449971	18.4385527624055	10.0031742691939	10.5594678148428
"mmu-mir-465b-5p"	5.36937901874878	8.38116034654796	11.8219332272291	22.2922098313349
"mmu-mir-743a-3p"	1.07387580374975	0	1.81875895803525	0
"mmu-mir-3112-3p"	1.07387580374975	0	0.909379479017626	0
"mmu-mir-6344"	1.07387580374975	0	0	0
"mmu-mir-103-3p"	2999.33511987307	6119.08516901467	3900.3285855066	2015.68507843333
"mmu-mir-3473a"	6.44325482249853	4.19058017327398	5.45627687410576	5.86637100824602
"mmu-mir-125a-3p"	5.36937901874878	10.0573924158576	11.8219332272291	9.38619361319363
"mmu-mir-6419"	0	0.838116034654796	0	0
"mmu-mir-5615-5p"	1.07387580374975	0	0.909379479017626	1.1732742016492
"mmu-mir-185-5p"	526.19914383738	608.472241159382	454.689739508813	364.888276712902
"mmu-mir-8110"	0	0	0	2.34654840329841
"mmu-mir-6944-3p"	1.07387580374975	0	0.909379479017626	2.34654840329841
"mmu-mir-671-3p"	3.22162741124927	6.70492827723837	4.54689739508813	9.38619361319363
"mmu-mir-455-3p"	19.3297644674956	23.4672489703343	10.0031742691939	3.51982260494761
"mmu-mir-673-5p"	103.092077159976	88.8402996734084	113.672434877203	106.767952350078
"mmu-mir-6481"	2.14775160749951	2.51434810396439	0.909379479017626	5.86637100824602
"mmu-mir-351-3p"	1.07387580374975	0.838116034654796	1.81875895803525	2.34654840329841
"mmu-mir-378a-3p"	2003.85224979704	2947.65409388092	2693.58201685021	1709.46051180289
"mmu-mir-6929-5p"	0	0	0.909379479017626	0
"mmu-mir-30c-5p"	3896.02141600411	4291.99221346721	2910.0143328564	2928.49240731641
"mmu-mir-5119"	2.14775160749951	0	0.909379479017626	1.1732742016492
"mmu-mir-495-5p"	1.07387580374975	0.838116034654796	5.45627687410576	0
"mmu-mir-702-3p"	2.14775160749951	2.51434810396439	0	1.1732742016492
"mmu-mir-543-5p"	2.14775160749951	5.02869620792878	2.72813843705288	2.34654840329841
"mmu-mir-221-3p"	83.7623126924809	65.3730507030741	62.7471840522162	39.8913228560729
"mmu-mir-7668-3p"	0	0.838116034654796	0	0
"mmu-mir-138-2-3p"	1.07387580374975	0	0	0
"mmu-mir-219c-3p"	0	0.838116034654796	0	0
"mmu-mir-7237-5p"	2.14775160749951	0	0	0
"mmu-mir-1943-3p"	1.07387580374975	2.51434810396439	1.81875895803525	1.1732742016492
"mmu-mir-466d-3p"	82.6884368887311	90.516531742718	78.2066351955158	26.9853066379317
"mmu-mir-15a-5p"	120.274090019973	152.537118307173	171.872721534331	149.005823609449
"mmu-mir-874-5p"	0	0	0	1.1732742016492
"mmu-let-7e-5p"	189.002141459957	191.090455901294	312.826540782063	443.497648223399
"mmu-mir-10b-3p"	3.22162741124927	0	0	0
"mmu-mir-24-2-5p"	88.0578159074799	85.4878355347892	62.7471840522162	96.2084845352347
"mmu-mir-541-5p"	7092.94968376713	7954.55928490867	6490.2413417488	7711.93132744022
"mmu-mir-3098-5p"	0	0.838116034654796	0	0
"mmu-mir-181a-5p"	9.66488223374779	7.54304431189317	9.09379479017626	3.51982260494761
"mmu-mir-338-3p"	1.07387580374975	0	0	0
"mmu-mir-6537-3p"	0	0	0	1.1732742016492
"mmu-mir-1247-3p"	5.36937901874878	4.19058017327398	7.27503583214101	4.69309680659681
"mmu-mir-483-3p"	0	0.838116034654796	0	0
"mmu-mir-195a-3p"	18.2558886637458	28.4959451782631	20.9157280174054	31.6784034445285
"mmu-mir-125b-1-3p"	2.14775160749951	22.6291329356795	41.8314560348108	23.4654840329841
"mmu-mir-7060-5p"	0	0	0	1.1732742016492
"mmu-mir-7578"	0	0.838116034654796	0	1.1732742016492
"mmu-mir-592-5p"	1.07387580374975	0.838116034654796	0	0
"mmu-mir-297c-5p"	2.14775160749951	2.51434810396439	3.6375179160705	2.34654840329841
"mmu-mir-183-3p"	73.0235546549833	243.053650049891	192.788449551737	116.154145963271
"mmu-mir-148b-5p"	88.0578159074799	82.9734874308248	69.1128404053396	80.955919913795
"mmu-mir-16-2-3p"	19.3297644674956	22.6291329356795	14.550071664282	21.1189356296857
"mmu-mir-7119-5p"	0	0.838116034654796	0	1.1732742016492
"mmu-mir-293-5p"	31653.5631913278	27904.2352577968	21935.1424133842	27790.172740263
"mmu-mir-9-3p"	12.8865096449971	14.2479725891315	21.825107496423	15.2525646214396
"mmu-mir-495-3p"	1665.58137161587	1284.8318811258	1484.10730975677	2340.68203229016
"mmu-mir-6988-5p"	0	0.838116034654796	0	0
"mmu-mir-3110-3p"	0	0	0.909379479017626	0
"mmu-mir-219a-2-3p"	0	3.35246413861918	1.81875895803525	2.34654840329841
"mmu-mir-3535"	213.701284946201	275.740175401428	216.432316006195	167.778210835836
"mmu-mir-467a-5p"	1171.59850189098	814.648785684462	1266.76561427155	630.048246285622
"mmu-mir-10a-5p"	8.59100642999804	18.4385527624055	15.4594511432996	12.9060162181412
"mmu-mir-669c-3p"	1.07387580374975	2.51434810396439	1.81875895803525	0
"mmu-mir-3102-5p"	8.59100642999804	1.67623206930959	14.550071664282	15.2525646214396
"mmu-mir-6982-5p"	0	0	0.909379479017626	0
"mmu-mir-3471"	9.66488223374779	3.35246413861918	2.72813843705288	9.38619361319363
"mmu-mir-758-3p"	682.985011184844	715.751093595196	954.848452968507	789.613537709914
"mmu-mir-574-3p"	5.36937901874878	2.51434810396439	1.81875895803525	1.1732742016492
"mmu-mir-880-3p"	5.36937901874878	3.35246413861918	6.36565635312338	5.86637100824602
"mmu-mir-29b-1-5p"	0	0	0.909379479017626	1.1732742016492
"mmu-let-7j"	0	0.838116034654796	9.09379479017626	11.732742016492
"mmu-mir-219a-1-3p"	7.51713062624829	9.21927638120276	9.09379479017626	10.5594678148428
"mmu-mir-669h-3p"	3.22162741124927	3.35246413861918	6.36565635312338	5.86637100824602
"mmu-mir-6912-5p"	2.14775160749951	0	2.72813843705288	0
"mmu-mir-191-3p"	15.0342612524966	20.9529008663699	13.6406921852644	39.8913228560729
"mmu-mir-6414"	0	0.838116034654796	0.909379479017626	0
"mmu-mir-471-3p"	1.07387580374975	0.838116034654796	0	0
"mmu-mir-466l-3p"	5.36937901874878	2.51434810396439	1.81875895803525	0
"mmu-mir-6950-3p"	1.07387580374975	0	0.909379479017626	0
"mmu-mir-6984-5p"	1.07387580374975	0.838116034654796	0	0
"mmu-let-7i-3p"	2.14775160749951	1.67623206930959	22.7344869754406	26.9853066379317
"mmu-mir-3473f"	314.645610498678	397.267000426373	431.955252533372	545.57250376688
"mmu-mir-494-5p"	8.59100642999804	12.5717405198219	9.09379479017626	14.0792904197904
"mmu-mir-6353"	0	0	0.909379479017626	1.1732742016492
"mmu-mir-7005-5p"	0	0	0	1.1732742016492
"mmu-mir-6396"	0	0	0	1.1732742016492
"mmu-mir-3572-5p"	1.07387580374975	3.35246413861918	0	0
"mmu-mir-337-3p"	24.6991434862444	20.9529008663699	19.0969690593701	24.6387582346333
"mmu-mir-2137"	80.5406852812316	64.5349346684193	56.3815276990928	139.619629996255
"mmu-mir-7689-3p"	4.29550321499902	1.67623206930959	3.6375179160705	1.1732742016492
"mmu-mir-21a-5p"	6170.49036834609	9269.56334328205	11280.8524372136	9291.15840286004
"mmu-mir-6378"	0	0.838116034654796	0	0
"mmu-mir-6967-5p"	0	0.838116034654796	1.81875895803525	2.34654840329841
"mmu-mir-664-5p"	0	4.19058017327398	6.36565635312338	3.51982260494761
"mmu-mir-325-3p"	1.07387580374975	0	0	0
"mmu-mir-8115"	6.44325482249853	10.0573924158576	8.18441531115863	8.21291941154442
"mmu-mir-124-5p"	26.8468950937439	68.7255148416933	22.7344869754406	19.9456614280365
"mmu-mir-182-3p"	98.7965739449775	157.565814515102	219.160454443248	146.65927520615
"mmu-mir-3963"	68.7280514399843	141.641609856661	156.413270391032	119.673968568219
"mmu-mir-669e-3p"	0	3.35246413861918	0.909379479017626	1.1732742016492
"mmu-mir-101b-5p"	8.59100642999804	5.02869620792878	8.18441531115863	15.2525646214396
"mmu-mir-466i-5p"	12.8865096449971	4.19058017327398	4.54689739508813	16.4258388230888
"mmu-mir-3082-3p"	2.14775160749951	2.51434810396439	3.6375179160705	0
"mmu-mir-34a-3p"	4.29550321499902	2.51434810396439	1.81875895803525	4.69309680659681
"mmu-mir-1895"	4.29550321499902	4.19058017327398	3.6375179160705	4.69309680659681
"mmu-mir-7687-5p"	1.07387580374975	0	0.909379479017626	1.1732742016492
"mmu-mir-302c-5p"	10.7387580374976	10.8955084505124	5.45627687410576	25.8120324362825
"mmu-mir-431-3p"	160.007494758714	144.155957960625	153.685131953979	87.9955651236903
"mmu-mir-1929-5p"	2.14775160749951	1.67623206930959	0.909379479017626	0
"mmu-mir-6946-5p"	0	0	0	1.1732742016492
"mmu-mir-669n"	0	0.838116034654796	0	0
"mmu-mir-532-3p"	23.6252676824946	13.4098565544767	21.825107496423	9.38619361319363
"mmu-mir-466d-5p"	0	0.838116034654796	0	0
"mmu-mir-741-5p"	1.07387580374975	0	0	4.69309680659681
"mmu-mir-140-3p"	1554.97216382965	2248.66532097882	1898.7843521888	1019.57528123316
"mmu-mir-3079-5p"	0	0	0.909379479017626	0
"mmu-mir-3067-5p"	1.07387580374975	1.67623206930959	0.909379479017626	4.69309680659681
"mmu-mir-6380"	1.07387580374975	3.35246413861918	3.6375179160705	2.34654840329841
"mmu-mir-298-5p"	2832.88437029185	3045.71366993553	2528.074951669	2548.35156598207
"mmu-mir-20a-3p"	17.1820128599961	25.9815970742987	6.36565635312338	12.9060162181412
"mmu-mir-3062-5p"	10.7387580374976	20.9529008663699	5.45627687410576	3.51982260494761
"mmu-mir-6901-3p"	0	0	0.909379479017626	0
"mmu-mir-3063-3p"	6.44325482249853	3.35246413861918	0.909379479017626	2.34654840329841
"mmu-mir-155-5p"	15.0342612524966	18.4385527624055	7.27503583214101	8.21291941154442
"mmu-mir-302d-5p"	3.22162741124927	8.38116034654796	5.45627687410576	21.1189356296857
"mmu-mir-1970"	1.07387580374975	0.838116034654796	1.81875895803525	0
"mmu-mir-7003-3p"	1.07387580374975	0.838116034654796	0	0
"mmu-mir-503-5p"	81.6145610849814	72.0779789803125	140.044439768714	100.901581341832
"mmu-mir-7071-3p"	0	0	0	2.34654840329841
"mmu-mir-1968-3p"	1.07387580374975	2.51434810396439	0	1.1732742016492
"mmu-mir-463-3p"	0	0	0	1.1732742016492
"mmu-mir-188-5p"	25.7730192899941	16.7623206930959	28.1907638495464	19.9456614280365
"mmu-mir-486b-3p"	0	1.67623206930959	0	0
"mmu-mir-878-5p"	0	4.19058017327398	6.36565635312338	7.03964520989522
"mmu-mir-467c-5p"	262.02569611494	228.805677460759	347.382960984733	346.115889486515
"mmu-mir-5112"	3.22162741124927	5.02869620792878	1.81875895803525	5.86637100824602
"mmu-mir-27a-5p"	34.3640257199922	38.5533375941206	52.7440097830223	36.3715002511253
"mmu-mir-30c-2-3p"	34.3640257199922	66.2111667377289	22.7344869754406	24.6387582346333
"mmu-mir-3968"	0	0	5.45627687410576	4.69309680659681
"mmu-mir-688"	0	0	0.909379479017626	0
"mmu-mir-425-3p"	128.865096449971	116.498128817017	91.8473273807802	98.5550329385331
"mmu-mir-6906-5p"	1.07387580374975	0	0.909379479017626	0
"mmu-mir-712-3p"	12.8865096449971	21.7910169010247	17.2782101013349	14.0792904197904
"mmu-mir-450a-2-3p"	0	0.838116034654796	0	1.1732742016492
"mmu-mir-532-5p"	708.758030474838	781.12414429827	555.630861679769	658.206827125203
"mmu-mir-6994-5p"	2.14775160749951	0	0	1.1732742016492
"mmu-mir-6959-5p"	0	0	0	1.1732742016492
"mmu-mir-126a-3p"	780.707709326072	585.843108223703	739.32551644133	647.64735931036
"mmu-mir-669a-3-3p"	5.36937901874878	9.21927638120276	4.54689739508813	3.51982260494761
"mmu-mir-320-5p"	37.5856531312414	40.2295696634302	50.0158713459694	58.6637100824602
"mmu-mir-1195"	4256.84368606403	9305.6023327722	2851.81404619927	4974.68261499262
"mmu-mir-1b-3p"	1.07387580374975	0	0	1.1732742016492
"mmu-mir-466h-3p"	0	3.35246413861918	0.909379479017626	1.1732742016492
"mmu-mir-6913-3p"	0	0.838116034654796	0	1.1732742016492
"mmu-mir-598-3p"	9.66488223374779	10.8955084505124	20.9157280174054	12.9060162181412
"mmu-mir-706"	4.29550321499902	5.02869620792878	4.54689739508813	4.69309680659681
"mmu-mir-222-3p"	51.5460385799882	51.1250781139426	41.8314560348108	55.1438874775126
"mmu-mir-365-3p"	78.3929336737321	56.1537743218713	31.8282817656169	57.490435880811
"mmu-mir-6349"	0	0	0	1.1732742016492
"mmu-mir-3068-5p"	59.0631692062365	47.7726139753234	59.1096661361457	50.4507906709158
"mmu-mir-1948-5p"	8.59100642999804	1.67623206930959	5.45627687410576	4.69309680659681
"mmu-mir-6968-3p"	0	0.838116034654796	0	1.1732742016492
"mmu-mir-6911-3p"	1.07387580374975	0	0	0
"mmu-mir-669i"	2.14775160749951	4.19058017327398	2.72813843705288	5.86637100824602
"mmu-mir-18a-5p"	423.107066677403	437.496570089804	625.653081564127	529.146664943791
"mmu-mir-7655-5p"	0	0	1.81875895803525	0
"mmu-mir-7070-3p"	0	0	5.45627687410576	7.03964520989522
"mmu-mir-431-5p"	565.932548576121	465.992515268067	577.455969176192	495.121713095964
"mmu-mir-667-3p"	77.3190578699824	66.2111667377289	85.4816710276568	51.624064872565
"mmu-mir-145a-5p"	131.01284805747	92.1927638120276	57.2909071781104	52.7973390742142
"mmu-mir-7054-5p"	0	0.838116034654796	0	0
"mmu-mir-187-3p"	35.4379015237419	40.2295696634302	36.375179160705	38.7180486544237
"mmu-mir-702-5p"	5.36937901874878	2.51434810396439	5.45627687410576	3.51982260494761
"mmu-mir-6993-5p"	1.07387580374975	0	0	1.1732742016492
"mmu-mir-3569-3p"	0	0.838116034654796	0.909379479017626	0
"mmu-mir-6900-3p"	2.14775160749951	0.838116034654796	0	3.51982260494761
"mmu-mir-362-3p"	23.6252676824946	20.9529008663699	25.4626254124935	9.38619361319363
"mmu-mir-7029-3p"	0	2.51434810396439	0.909379479017626	0
"mmu-mir-5617-5p"	1.07387580374975	0	0	0
"mmu-mir-6420"	0	0	0.909379479017626	0
"mmu-mir-1934-3p"	128.865096449971	144.155957960625	173.691480492367	283.932356799107
"mmu-mir-30e-3p"	161.081370562463	169.299439000269	175.510239450402	163.085114029239
"mmu-mir-153-3p"	0	0	1.81875895803525	1.1732742016492
"mmu-mir-7038-5p"	2.14775160749951	0.838116034654796	0.909379479017626	1.1732742016492
"mmu-mir-101b-3p"	2235.80942340699	3106.89614046533	2594.45965363729	1772.81731869195
"mmu-mir-652-3p"	210.479657534952	248.08234625782	219.160454443248	193.590243272119
"mmu-mir-486b-5p"	3.22162741124927	5.86681224258357	10.9125537482115	7.03964520989522
"mmu-mir-148b-3p"	2206.81477670575	2168.20618165196	1442.27585372195	1108.7441205585
"mmu-mir-6998-3p"	3.22162741124927	1.67623206930959	0.909379479017626	2.34654840329841
"mmu-mir-290a-3p"	64.4325482249853	48.6107300099782	65.4753224892691	80.955919913795
"mmu-mir-677-5p"	231.957173609947	199.471616247841	189.150931635666	211.189356296857
"mmu-mir-134-5p"	820.441114064813	1079.49345263538	1186.740220118	921.020248294625
"mmu-mir-292a-5p"	64247.8415867403	69086.7428526295	65513.5164273878	99573.4349455646
"mmu-mir-6417"	1.07387580374975	0	0	0
"mmu-mir-3105-3p"	0	0	0.909379479017626	0
"mmu-mir-7009-5p"	0	0.838116034654796	0	0
"mmu-mir-33-5p"	35.4379015237419	21.7910169010247	54.5627687410576	34.0249518478269
"mmu-mir-7089-3p"	0	0	0.909379479017626	0
"mmu-mir-7031-5p"	0	0.838116034654796	0	0
"mmu-mir-8112"	3.22162741124927	4.19058017327398	4.54689739508813	8.21291941154442
"mmu-mir-6927-5p"	0	0	0	1.1732742016492
"mmu-mir-411-3p"	672.246253147347	809.620089476533	1075.79592367785	913.98060308473
"mmu-mir-291b-3p"	1652.69486197087	1198.50592955636	1184.01208168095	741.509295442297
"mmu-mir-378b"	1.07387580374975	7.54304431189317	0.909379479017626	2.34654840329841
"mmu-mir-5622-3p"	0	0.838116034654796	0	0
"mmu-mir-7088-3p"	0	0.838116034654796	0.909379479017626	1.1732742016492
"mmu-mir-881-3p"	10.7387580374976	15.9242046584411	29.100143328564	28.1585808395809
"mmu-mir-1191b-5p"	2.14775160749951	2.51434810396439	0.909379479017626	0
"mmu-mir-6943-5p"	1.07387580374975	0	0	0
"mmu-mir-6412"	10.7387580374976	15.9242046584411	24.5532459334759	24.6387582346333
"mmu-mir-6910-3p"	0	0	0	1.1732742016492
"mmu-mir-713"	0	1.67623206930959	0	0
"mmu-mir-25-5p"	176.11563181496	198.633500213187	150.956993516926	208.842807893558
"mmu-mir-434-3p"	1394.96466907093	1281.47941698718	1290.40948072601	1235.45773433661
"mmu-mir-328-3p"	274.912205759937	233.834373668688	252.8074951669	227.615195119945
"mmu-mir-200a-5p"	30.0685225049931	57.8300063911809	51.8346303040047	35.1982260494761
"mmu-mir-340-3p"	50.4721627762385	34.3627574208466	40.9220765557932	43.4111454610205
"mmu-mir-344-3p"	22.5513918787449	23.4672489703343	22.7344869754406	22.2922098313349
"mmu-mir-99a-5p"	0	2.51434810396439	3.6375179160705	1.1732742016492
"mmu-mir-883b-3p"	0	1.67623206930959	0.909379479017626	0
"mmu-mir-423-5p"	593.853319473615	689.769496520897	401.036350246773	513.894100322351
"mmu-let-7b-5p"	2.14775160749951	14.2479725891315	40.9220765557932	57.490435880811
"mmu-mir-218-1-3p"	0	0.838116034654796	0.909379479017626	0
"mmu-mir-1224-5p"	1.07387580374975	0.838116034654796	0	0
"mmu-mir-30f"	0	0	0	1.1732742016492
"mmu-mir-6899-3p"	0	0	0.909379479017626	0
"mmu-mir-3470b"	608.887580726111	824.706178100319	609.284250941809	684.018859561486
"mmu-mir-470-5p"	8.59100642999804	7.54304431189317	8.18441531115863	12.9060162181412
"mmu-mir-615-3p"	11.8126338412473	5.02869620792878	12.7313127062468	16.4258388230888
"mmu-mir-669b-3p"	5.36937901874878	10.0573924158576	5.45627687410576	3.51982260494761
"mmu-mir-3065-5p"	0	0	0.909379479017626	0
"mmu-mir-26b-5p"	1113.6092084885	1284.8318811258	775.700695602035	1221.37844391682
"mmu-mir-329-3p"	269.542826741188	235.510605737998	140.953819247732	228.788469321595
"mmu-mir-7212-5p"	0	0.838116034654796	0	0
"mmu-mir-295-5p"	575.597430809869	634.453838233681	437.411529407478	484.562245281121
"mmu-mir-6398"	0	1.67623206930959	0	0
"mmu-mir-5125"	3.22162741124927	3.35246413861918	2.72813843705288	3.51982260494761
"mmu-mir-1951"	0	1.67623206930959	0.909379479017626	1.1732742016492
"mmu-mir-19a-3p"	371.561028097415	819.677481892391	194.607208509772	181.857501255627
"mmu-mir-125b-5p"	42.9550321499902	316.807861099513	722.956685819013	430.591632005258
"mmu-mir-466a-5p"	3.22162741124927	1.67623206930959	0.909379479017626	2.34654840329841
"mmu-mir-6945-3p"	0	0.838116034654796	1.81875895803525	1.1732742016492
"mmu-mir-1955-3p"	0	1.67623206930959	1.81875895803525	0
"mmu-mir-26b-3p"	1.07387580374975	3.35246413861918	8.18441531115863	5.86637100824602
"mmu-mir-5136"	2.14775160749951	2.51434810396439	0.909379479017626	2.34654840329841
"mmu-mir-6355"	0	0	0.909379479017626	0
"mmu-mir-183-5p"	16557.0171422137	22983.6560183385	17914.7757366472	19913.9830245919
"mmu-mir-10b-5p"	201.888651104954	146.670306064589	164.59768570219	202.976436885312
"mmu-mir-8117"	2.14775160749951	0.838116034654796	0	0
"mmu-mir-701-5p"	2.14775160749951	2.51434810396439	4.54689739508813	5.86637100824602
"mmu-mir-873a-5p"	0	0	0	1.1732742016492
"mmu-mir-669m-5p"	110.609207786225	96.3833439853016	70.9315993633748	62.1835326874078
"mmu-mir-23b-5p"	5.36937901874878	5.86681224258357	2.72813843705288	5.86637100824602
"mmu-mir-127-5p"	408.072805424907	544.775422525618	339.198545673574	227.615195119945
"mmu-mir-6399"	2.14775160749951	4.19058017327398	1.81875895803525	2.34654840329841
"mmu-mir-3473d"	25.7730192899941	15.0860886237863	24.5532459334759	34.0249518478269
"mmu-mir-1188-5p"	15.0342612524966	12.5717405198219	25.4626254124935	22.2922098313349
"mmu-mir-7653-3p"	0	1.67623206930959	0	1.1732742016492
"mmu-mir-1843b-3p"	3.22162741124927	1.67623206930959	7.27503583214101	4.69309680659681
"mmu-mir-1231-5p"	1.07387580374975	0.838116034654796	0	0
"mmu-mir-193a-3p"	7.51713062624829	3.35246413861918	0.909379479017626	4.69309680659681
"mmu-mir-370-5p"	48.324411168739	59.5062384604905	66.3847019682867	34.0249518478269
"mmu-mir-3965"	1.07387580374975	0.838116034654796	4.54689739508813	2.34654840329841
"mmu-mir-215-3p"	1.07387580374975	0	0	1.1732742016492
"mmu-mir-7059-5p"	2.14775160749951	0	0	0
"mmu-mir-154-5p"	60.1370450099863	48.6107300099782	70.0222198843572	53.9706132758634
"mmu-mir-3072-5p"	2.14775160749951	3.35246413861918	3.6375179160705	3.51982260494761
"mmu-mir-1983"	1239.25267752722	983.110108650076	415.586421911055	500.98808410421
"mmu-mir-6930-3p"	0	0.838116034654796	0	0
"mmu-mir-192-3p"	1.07387580374975	0.838116034654796	2.72813843705288	1.1732742016492
"mmu-mir-134-3p"	13.9603854487468	25.1434810396439	34.5564202026698	19.9456614280365
"mmu-mir-3068-3p"	49.3982869724887	46.9344979406686	63.6565635312338	44.5844196626697
"mmu-mir-92b-3p"	469.283726238643	679.71210410504	555.630861679769	649.993907713659
"mmu-mir-26a-2-3p"	35.4379015237419	41.067685698085	49.1064918669518	58.6637100824602
"mmu-mir-6958-3p"	0	0.838116034654796	3.6375179160705	3.51982260494761
"mmu-mir-135b-5p"	268.468950937439	258.977854708332	441.049047323549	491.601890491016
"mmu-mir-369-5p"	506.869379369884	476.049907683924	736.597378004277	535.013035952037
"mmu-mir-466o-3p"	1.07387580374975	1.67623206930959	1.81875895803525	0
"mmu-mir-6373"	0	0.838116034654796	0	0
"mmu-mir-467g"	8.59100642999804	3.35246413861918	5.45627687410576	3.51982260494761
"mmu-mir-6936-3p"	0	0	0.909379479017626	0
"mmu-mir-7116-5p"	3.22162741124927	3.35246413861918	1.81875895803525	3.51982260494761
"mmu-mir-7083-5p"	2.14775160749951	3.35246413861918	0.909379479017626	1.1732742016492
"mmu-mir-6340"	0	0	0.909379479017626	0
"mmu-mir-335-5p"	118.126338412473	191.928571935948	85.4816710276568	78.6093715104966
"mmu-mir-673-3p"	38.6595289349912	39.3914536287754	61.8378045731986	46.9309680659681
"mmu-mir-290b-3p"	3.22162741124927	0	0.909379479017626	0
"mmu-mir-5114"	0	1.67623206930959	1.81875895803525	0
"mmu-mir-1932"	0	0	0.909379479017626	0
"mmu-mir-34c-5p"	31.1423983087429	55.3156582872165	62.7471840522162	41.0645970577221
"mmu-mir-365-1-5p"	0	0.838116034654796	0.909379479017626	1.1732742016492
"mmu-mir-195b"	1.07387580374975	0	0	0
"mmu-mir-3077-5p"	0	0	1.81875895803525	0
"mmu-mir-451a"	1.07387580374975	0	0	0
"mmu-mir-5132-3p"	1.07387580374975	1.67623206930959	0	0
"mmu-mir-6409"	1.07387580374975	0	0	0
"mmu-mir-465c-3p"	2.14775160749951	6.70492827723837	14.550071664282	4.69309680659681
"mmu-mir-3112-5p"	0	0	1.81875895803525	1.1732742016492
"mmu-mir-17-3p"	179.337259226209	165.94697486165	149.138234558891	139.619629996255
"mmu-mir-107-3p"	649.694861268602	751.790083085352	712.044132070801	466.963132256383
"mmu-mir-190b-3p"	0	0.838116034654796	0	0
"mmu-mir-7089-5p"	0	1.67623206930959	1.81875895803525	1.1732742016492
"mmu-mir-466p-5p"	51.5460385799882	37.7152215594658	57.2909071781104	45.7576938643189
"mmu-mir-541-3p"	27.9207708974936	37.7152215594658	34.5564202026698	30.5051292428793
"mmu-mir-5098"	92.3533191224789	74.5923270842769	71.8409788423924	106.767952350078
"mmu-mir-17-5p"	3992.67023834159	5825.74455688549	4083.11386078914	2969.55700437413
"mmu-mir-3067-3p"	1.07387580374975	0	1.81875895803525	0
"mmu-mir-501-5p"	10.7387580374976	10.8955084505124	10.0031742691939	7.03964520989522
"mmu-mir-132-3p"	3.22162741124927	4.19058017327398	2.72813843705288	4.69309680659681
"mmu-mir-7042-5p"	0	0.838116034654796	0	0
"mmu-mir-20a-5p"	6431.44218865728	9859.59703167902	6869.45258449915	4729.46830684794
"mmu-mir-139-5p"	6.44325482249853	7.54304431189317	7.27503583214101	8.21291941154442
"mmu-mir-130b-3p"	95.5749465337282	125.717405198219	100.031742691939	95.0352103335855
"mmu-mir-6898-3p"	1.07387580374975	0	0	0
"mmu-mir-7015-5p"	0	0.838116034654796	0	0
"mmu-mir-6957-3p"	0	0	0.909379479017626	0
"mmu-mir-146b-5p"	713.053533689837	812.972553615152	460.146016382919	509.201003515754
"mmu-mir-7b-5p"	75.1713062624828	91.3546477773728	42.7408355138284	51.624064872565
"mmu-mir-26a-1-3p"	0	0	0.909379479017626	0
"mmu-mir-335-3p"	365.117773274917	436.658454055149	475.605467526218	542.052681161932
"mmu-mir-7079-3p"	2.14775160749951	1.67623206930959	1.81875895803525	1.1732742016492
"mmu-mir-487b-3p"	230.883297806197	231.320025564724	159.141408828085	201.803162683663
"mmu-mir-19a-5p"	0	0	0.909379479017626	2.34654840329841
"mmu-mir-7688-5p"	21.4775160749951	11.7336244851671	15.4594511432996	10.5594678148428
"mmu-mir-8105"	2.14775160749951	0.838116034654796	0	0
"mmu-mir-6947-5p"	0	0.838116034654796	0	0
"mmu-mir-7022-5p"	0	2.51434810396439	0	0
"mmu-mir-7005-3p"	0	0	0	2.34654840329841
"mmu-mir-27a-3p"	525.12526803363	577.461947877155	785.703869871229	557.305245783372
"mmu-mir-7020-5p"	0	0.838116034654796	0	0
"mmu-mir-7058-3p"	0	0	0	1.1732742016492
"mmu-mir-6363"	0	0	0.909379479017626	0
"mmu-mir-149-5p"	71.9496788512336	59.5062384604905	88.2098094647097	87.9955651236903
"mmu-mir-1191b-3p"	1.07387580374975	0	0	0
"mmu-mir-7042-3p"	0	0.838116034654796	0	2.34654840329841
"mmu-mir-30a-3p"	93.4271949262287	107.278852435814	44.5595944718637	57.490435880811
"mmu-mir-582-3p"	60.1370450099863	107.278852435814	89.1191889437273	63.356806889057
"mmu-mir-7082-3p"	1.07387580374975	0.838116034654796	1.81875895803525	3.51982260494761
"mmu-mir-382-5p"	453.175589182397	571.595135634571	640.203153228409	699.271424182925
"mmu-mir-7651-5p"	0	0	0.909379479017626	0
"mmu-mir-3102-3p"	17.1820128599961	5.86681224258357	24.5532459334759	9.38619361319363
"mmu-mir-1982-3p"	0	0	0	1.1732742016492
"mmu-mir-16-1-3p"	228.735546198698	329.379601619335	340.107925152592	307.397840832091
"mmu-mir-7014-3p"	1.07387580374975	0	0	0
"mmu-let-7f-5p"	723.792291727335	906.841549496489	6539.34783361575	10076.0788437634
"mmu-mir-7016-3p"	0	0.838116034654796	0	0
"mmu-mir-501-3p"	120.274090019973	104.76450433185	119.128711751309	97.3817587368839
"mmu-mir-6240"	7821.03747870947	6044.49284193039	5436.27052556737	9098.74143378957
"mmu-mir-703"	18.2558886637458	15.0860886237863	19.0969690593701	19.9456614280365
"mmu-mir-19b-1-5p"	3.22162741124927	5.02869620792878	2.72813843705288	2.34654840329841
"mmu-mir-1904"	0	0.838116034654796	0	0
"mmu-mir-1190"	0	0	1.81875895803525	0
"mmu-mir-3058-5p"	1.07387580374975	0	0	0
"mmu-mir-8094"	0	0	0	3.51982260494761
"mmu-mir-3061-3p"	1.07387580374975	0	1.81875895803525	1.1732742016492
"mmu-mir-330-3p"	55.8415417949873	50.2869620792878	61.8378045731986	61.0102584857586
"mmu-mir-378d"	5.36937901874878	5.02869620792878	2.72813843705288	4.69309680659681
"mmu-mir-760-3p"	50.4721627762385	39.3914536287754	40.0126970767755	35.1982260494761
"mmu-mir-6546-3p"	1.07387580374975	1.67623206930959	1.81875895803525	0
"mmu-mir-700-3p"	125.643469038721	113.145664678397	36.375179160705	59.8369842841094
"mmu-mir-3964"	1.07387580374975	1.67623206930959	0.909379479017626	0
"mmu-mir-449a-5p"	1.07387580374975	3.35246413861918	2.72813843705288	1.1732742016492
"mmu-mir-129-2-3p"	3.22162741124927	2.51434810396439	3.6375179160705	1.1732742016492
"mmu-mir-3473b"	9.66488223374779	18.4385527624055	17.2782101013349	28.1585808395809
"mmu-mir-150-5p"	200.814775301204	138.289145718041	190.060311114684	224.095372514998
"mmu-mir-451b"	2.14775160749951	0	0.909379479017626	0
"mmu-mir-369-3p"	1389.59529005218	1208.56332197222	872.094920377903	932.752990311117
"mmu-mir-669h-5p"	4.29550321499902	9.21927638120276	6.36565635312338	7.03964520989522
"mmu-mir-6951-5p"	1.07387580374975	0	0	0
"mmu-mir-144-3p"	1.07387580374975	1.67623206930959	0.909379479017626	1.1732742016492
"mmu-mir-668-5p"	1.07387580374975	1.67623206930959	0.909379479017626	2.34654840329841
"mmu-mir-6239"	66.5802998324848	66.2111667377289	37.2845586397227	113.807597559973
"mmu-mir-467d-5p"	32.2162741124926	28.4959451782631	46.3783534298989	43.4111454610205
"mmu-mir-1947-5p"	2.14775160749951	5.86681224258357	8.18441531115863	11.732742016492
"mmu-mir-7018-3p"	0	0	2.72813843705288	4.69309680659681
"mmu-mir-6358"	0	0.838116034654796	0	0
"mmu-mir-5133"	0	0	0.909379479017626	0
"mmu-mir-140-5p"	599.222698492363	500.355272688913	757.513106021682	668.766294940046
"mmu-mir-376a-5p"	90.2055675149794	77.944791222896	74.5691172794453	86.8222909220411
"mmu-mir-669j"	1.07387580374975	0.838116034654796	0	1.1732742016492
"mmu-mir-3095-5p"	1.07387580374975	0.838116034654796	2.72813843705288	2.34654840329841
"mmu-mir-432"	1.07387580374975	0	0	0
"mmu-mir-302b-5p"	0	5.02869620792878	4.54689739508813	12.9060162181412
"mmu-mir-344d-3p"	0	0.838116034654796	0	0
"mmu-mir-200b-5p"	2.14775160749951	14.2479725891315	12.7313127062468	8.21291941154442
"mmu-mir-466f-5p"	34.3640257199922	23.4672489703343	28.1907638495464	8.21291941154442
"mmu-mir-222-5p"	1.07387580374975	0.838116034654796	0	2.34654840329841
"mmu-mir-543-3p"	2531.12526943817	2543.68216517731	2353.47409169762	4203.8414645091
"mmu-mir-463-5p"	0	0	1.81875895803525	0
"mmu-mir-296-3p"	1145.82548260099	1037.58765090264	1315.8721061385	1568.66760760499
"mmu-mir-7663-3p"	1.07387580374975	0	0	0
"mmu-mir-204-5p"	1.07387580374975	0	0.909379479017626	1.1732742016492
"mmu-mir-30c-1-3p"	21.4775160749951	27.6578291436083	18.1875895803525	30.5051292428793
"mmu-mir-1199-3p"	2.14775160749951	4.19058017327398	0.909379479017626	2.34654840329841
"mmu-mir-1969"	0	0	0.909379479017626	3.51982260494761
"mmu-mir-7675-3p"	0	0.838116034654796	0	0
"mmu-mir-100-5p"	6.44325482249853	62.8587025991097	164.59768570219	123.193791173166
"mmu-mir-409-5p"	470.357602042393	489.459764238401	385.576899103473	212.362630498506
"mmu-mir-696"	38.6595289349912	38.5533375941206	20.9157280174054	29.3318550412301
"mmu-mir-28b"	0	0	0.909379479017626	1.1732742016492
"mmu-mir-297a-3p"	22.5513918787449	11.7336244851671	8.18441531115863	17.5991130247381
"mmu-mir-1954"	45.1027837574897	20.1147848317151	19.0969690593701	35.1982260494761
"mmu-mir-7226-3p"	5.36937901874878	2.51434810396439	3.6375179160705	2.34654840329841
"mmu-mir-299b-3p"	2.14775160749951	0	1.81875895803525	1.1732742016492
"mmu-mir-34b-3p"	3.22162741124927	0.838116034654796	2.72813843705288	2.34654840329841
"mmu-mir-21a-3p"	2.14775160749951	8.38116034654796	5.45627687410576	5.86637100824602
"mmu-mir-1928"	3.22162741124927	0	0.909379479017626	0
"mmu-mir-669d-5p"	41.8811563462404	41.067685698085	34.5564202026698	22.2922098313349
"mmu-mir-488-3p"	4.29550321499902	3.35246413861918	2.72813843705288	1.1732742016492
"mmu-mir-7036b-3p"	0	0	0	1.1732742016492
"mmu-mir-143-3p"	2728.71841732813	3008.83656441072	3356.51965705406	2379.40008094458
"mmu-let-7a-2-3p"	1.07387580374975	0	0	0
"mmu-mir-877-3p"	69.8019272437341	31.8484093168823	105.488019566045	100.901581341832
"mmu-mir-3072-3p"	41.8811563462404	31.0102932822275	23.6438664544583	28.1585808395809
"mmu-mir-137-3p"	2.14775160749951	0	1.81875895803525	1.1732742016492
"mmu-mir-6992-5p"	4.29550321499902	4.19058017327398	1.81875895803525	3.51982260494761
"mmu-mir-1929-3p"	0	0	0.909379479017626	0
"mmu-mir-142b"	2.14775160749951	0	1.81875895803525	0
"mmu-mir-7119-3p"	0	0.838116034654796	0	0
"mmu-mir-379-5p"	3414.92505592422	4132.7501668828	5009.7715499081	4355.19383652184
"mmu-mir-376a-3p"	33.2901499162424	28.4959451782631	32.7376612446345	35.1982260494761
"mmu-mir-6374"	0	1.67623206930959	0	0
"mmu-mir-3084-3p"	3.22162741124927	5.02869620792878	10.0031742691939	4.69309680659681
"mmu-mir-7667-3p"	0	0.838116034654796	0	1.1732742016492
"mmu-mir-6902-5p"	0	0.838116034654796	0	0
"mmu-mir-1933-3p"	2.14775160749951	0.838116034654796	0.909379479017626	1.1732742016492
"mmu-mir-182-5p"	15487.436841679	23432.0480968788	20672.9236965077	18066.0761569944
"mmu-mir-212-3p"	0	1.67623206930959	0	1.1732742016492
"mmu-mir-190a-5p"	11.8126338412473	8.38116034654796	7.27503583214101	7.03964520989522
"mmu-mir-344b-3p"	2.14775160749951	0.838116034654796	0.909379479017626	1.1732742016492
"mmu-mir-6393"	0	0	0	1.1732742016492
"mmu-mir-7655-3p"	1.07387580374975	0	0.909379479017626	1.1732742016492
"mmu-mir-499-5p"	778.559957718572	585.004992189048	413.76766295302	748.548940652192
"mmu-mir-6963-5p"	0	0.838116034654796	0.909379479017626	0
"mmu-mir-133a-3p"	0	1.67623206930959	0	0
"mmu-mir-8119"	0	1.67623206930959	0.909379479017626	1.1732742016492
"mmu-mir-5104"	1.07387580374975	0.838116034654796	1.81875895803525	1.1732742016492
"mmu-mir-744-5p"	713.053533689837	910.194013635109	882.098094647097	733.296376030752
"mmu-mir-466j"	5.36937901874878	4.19058017327398	5.45627687410576	8.21291941154442
"mmu-mir-7654-3p"	1.07387580374975	0	0	1.1732742016492
"mmu-mir-466f-3p"	125.643469038721	134.098565544767	160.050788307102	113.807597559973
"mmu-let-7i-5p"	243.769807451194	179.356831416126	7412.35213347267	10369.3973941757
"mmu-mir-684"	0	1.67623206930959	0.909379479017626	7.03964520989522
"mmu-mir-181a-2-3p"	0	0	0.909379479017626	0
"mmu-mir-1306-5p"	28.9946467012434	19.2766687970603	18.1875895803525	19.9456614280365
"mmu-mir-429-5p"	0	0.838116034654796	0	0
"mmu-mir-7068-3p"	0	0	4.54689739508813	2.34654840329841
"mmu-mir-128-3p"	771.042827092324	753.466315154662	840.266638612286	1353.95842870318
"mmu-mir-151-3p"	326.458244339925	300.045540406417	406.492627120879	346.115889486515
"mmu-mir-871-5p"	1.07387580374975	0.838116034654796	3.6375179160705	5.86637100824602
"mmu-mir-18b-3p"	50.4721627762385	42.7439177673946	50.9252508249871	64.5300810907062
"mmu-mir-380-5p"	59.0631692062365	92.1927638120276	51.8346303040047	53.9706132758634
"mmu-mir-1192"	12.8865096449971	3.35246413861918	7.27503583214101	15.2525646214396
"mmu-mir-1258-5p"	1.07387580374975	0	0.909379479017626	1.1732742016492
"mmu-mir-297c-3p"	78.3929336737321	76.2685591535865	54.5627687410576	46.9309680659681
"mmu-mir-33-3p"	8.59100642999804	7.54304431189317	9.09379479017626	5.86637100824602
"mmu-mir-15b-5p"	252.360813881192	259.815970742987	381.939381187403	228.788469321595
"mmu-mir-669p-3p"	11.8126338412473	9.21927638120276	7.27503583214101	9.38619361319363
"mmu-mir-1843a-5p"	31.1423983087429	24.3053650049891	17.2782101013349	22.2922098313349
"mmu-let-7g-3p"	0	2.51434810396439	11.8219332272291	11.732742016492
"mmu-mir-7051-5p"	0	0.838116034654796	0	0
"mmu-mir-1949"	89.1316917112297	90.516531742718	77.2972557164982	133.753258988009
"mmu-mir-293-3p"	123763.112506356	115152.952581396	91988.281200028	127981.923190097
"mmu-mir-350-5p"	11.8126338412473	11.7336244851671	11.8219332272291	17.5991130247381
"mmu-mir-365-2-5p"	13.9603854487468	8.38116034654796	8.18441531115863	4.69309680659681
"mmu-mir-302c-3p"	88.0578159074799	59.5062384604905	66.3847019682867	113.807597559973
"mmu-mir-106a-3p"	0	0	1.81875895803525	1.1732742016492
"mmu-mir-216b-3p"	0	0	0.909379479017626	0
"mmu-mir-6914-3p"	0	2.51434810396439	0	0
"mmu-mir-6539"	202.962526908704	362.066126970872	263.720048915112	286.278905202406
"mmu-mir-7023-5p"	0	0.838116034654796	0	0
"mmu-mir-21b"	0	0	0	1.1732742016492
"mmu-mir-540-3p"	565.932548576121	631.939490129716	652.934465934655	561.998342589969
"mmu-mir-24-1-5p"	16.1081370562463	6.70492827723837	12.7313127062468	8.21291941154442
"mmu-mir-7658-5p"	2.14775160749951	0	3.6375179160705	0
"mmu-mir-155-3p"	1.07387580374975	0	0	0
"mmu-mir-1291"	92.3533191224789	124.04117312891	57.2909071781104	66.8766294940046
"mmu-mir-3618-3p"	0	0.838116034654796	0	1.1732742016492
"mmu-mir-98-5p"	30.0685225049931	21.7910169010247	311.007781824028	538.532858556984
"mmu-mir-719"	1.07387580374975	0	0.909379479017626	1.1732742016492
"mmu-mir-760-5p"	2.14775160749951	0.838116034654796	0	0
"mmu-mir-15b-3p"	109.535331982475	105.602620366504	98.2129837339036	156.045468819344
"mmu-mir-130a-5p"	15.0342612524966	10.8955084505124	9.09379479017626	16.4258388230888
"mmu-mir-1199-5p"	6.44325482249853	4.19058017327398	5.45627687410576	3.51982260494761
"mmu-mir-3473g"	1.07387580374975	1.67623206930959	1.81875895803525	0
"mmu-mir-674-5p"	48.324411168739	74.5923270842769	84.5722915486392	49.2775164692666
"mmu-mir-184-3p"	18.2558886637458	18.4385527624055	36.375179160705	39.8913228560729
"mmu-mir-770-5p"	35.4379015237419	34.3627574208466	65.4753224892691	84.4757425187427
"mmu-mir-8093"	1.07387580374975	2.51434810396439	0.909379479017626	0
"mmu-mir-3091-3p"	0	5.02869620792878	0.909379479017626	1.1732742016492
"mmu-mir-539-5p"	17.1820128599961	16.7623206930959	19.0969690593701	17.5991130247381
"mmu-mir-22-5p"	16.1081370562463	27.6578291436083	28.1907638495464	42.2378712593713
"mmu-mir-1902"	0	0.838116034654796	0	0
"mmu-mir-143-5p"	7.51713062624829	10.8955084505124	9.09379479017626	11.732742016492
"mmu-mir-708-3p"	251.286938077443	224.615097287485	334.651648278486	298.011647218898
"mmu-mir-9-5p"	328.605995947425	385.533375941206	590.187281882439	537.359584355335
"mmu-mir-7070-5p"	0	0.838116034654796	0	2.34654840329841
"mmu-mir-299a-5p"	56.915417598737	39.3914536287754	43.650214992846	58.6637100824602
"mmu-mir-6975-3p"	1.07387580374975	0	0.909379479017626	1.1732742016492
"mmu-mir-1981-3p"	28.9946467012434	18.4385527624055	60.0190456151633	53.9706132758634
"mmu-mir-3069-3p"	1.07387580374975	0.838116034654796	4.54689739508813	3.51982260494761
"mmu-mir-147-5p"	6.44325482249853	0	2.72813843705288	7.03964520989522
"mmu-mir-542-5p"	0	4.19058017327398	2.72813843705288	0
"mmu-mir-200c-3p"	350.08351202242	552.318466837511	596.552938235563	543.225955363581
"mmu-mir-770-3p"	137.456102879969	113.983780713052	149.138234558891	153.698920416046
"mmu-mir-433-3p"	1968.4143482733	1985.49688609721	2307.09573826772	2934.35877832466
"mmu-mir-345-3p"	100.944325552477	123.203057094255	22.7344869754406	28.1585808395809
"mmu-mir-7661-5p"	0	0.838116034654796	0	0
"mmu-mir-199a-5p"	103.092077159976	134.936681579422	186.422793198613	92.6886619302871
"mmu-mir-292a-3p"	21841.5599724663	17272.7333582007	14437.3086088838	23010.2536427442
"mmu-mir-27b-5p"	20.4036402712453	22.6291329356795	26.3720048915112	17.5991130247381
"mmu-mir-6939-3p"	0	0	0	1.1732742016492
"mmu-mir-5616-5p"	0	0.838116034654796	0	0
"mmu-mir-3066-3p"	0	0	0.909379479017626	2.34654840329841
"mmu-mir-879-3p"	2.14775160749951	0	0	0
"mmu-mir-551b-3p"	0	0	0	2.34654840329841
"mmu-mir-6361"	0	0	0	1.1732742016492
"mmu-mir-3089-3p"	0	0	0.909379479017626	0
"mmu-mir-200c-5p"	1.07387580374975	0.838116034654796	0.909379479017626	0
"mmu-mir-423-3p"	2850.06638315185	2624.97942053882	2258.89862587978	2889.77435866199
"mmu-mir-3066-5p"	11.8126338412473	15.0860886237863	12.7313127062468	10.5594678148428
"mmu-mir-574-5p"	13.9603854487468	14.2479725891315	12.7313127062468	23.4654840329841
"mmu-mir-7665-3p"	0	0	1.81875895803525	0
"mmu-mir-92a-3p"	11285.3608216062	14105.4928632402	10665.2025299187	12629.123506552
"mmu-mir-186-3p"	2.14775160749951	0	0	2.34654840329841
"mmu-mir-879-5p"	1.07387580374975	0	0	0
"mmu-mir-8114"	3.22162741124927	2.51434810396439	4.54689739508813	10.5594678148428
"mmu-mir-679-5p"	102.018201356227	103.926388297195	24.5532459334759	14.0792904197904
"mmu-mir-1197-5p"	0	0.838116034654796	0.909379479017626	0
"mmu-mir-452-3p"	0	0	0	2.34654840329841
"mmu-mir-7049-5p"	0	0	0.909379479017626	0
"mmu-mir-3472"	7.51713062624829	4.19058017327398	2.72813843705288	5.86637100824602
"mmu-mir-7a-2-3p"	0	0	3.6375179160705	0
"mmu-mir-7647-5p"	2.14775160749951	0.838116034654796	0.909379479017626	0
"mmu-mir-1957a"	636.808351623605	443.363382332387	489.246159711483	808.385924936301
"mmu-mir-376c-5p"	4.29550321499902	0.838116034654796	0.909379479017626	1.1732742016492
"mmu-mir-434-5p"	2011.36938042329	1901.68528263173	2572.63454614086	2095.46772414548
"mmu-mir-101a-3p"	3374.11777538173	4758.82284476993	4285.90548461007	2953.13116555105
"mmu-mir-1950"	1.07387580374975	0.838116034654796	0.909379479017626	0
"mmu-mir-3073a-3p"	0	0.838116034654796	0	0
"mmu-mir-421-3p"	18.2558886637458	24.3053650049891	29.100143328564	32.8516776461777
"mmu-mir-29b-2-5p"	0	1.67623206930959	2.72813843705288	2.34654840329841
"mmu-mir-3966"	0	0.838116034654796	0.909379479017626	0
"mmu-mir-1898"	1.07387580374975	1.67623206930959	0.909379479017626	0
"mmu-mir-5122"	0	0	0.909379479017626	2.34654840329841
"mmu-mir-7677-3p"	0	0	0.909379479017626	1.1732742016492
"mmu-mir-18a-3p"	55.8415417949873	49.448846044633	47.2877329089165	58.6637100824602
"mmu-mir-450a-1-3p"	6.44325482249853	5.02869620792878	0.909379479017626	10.5594678148428
"mmu-mir-96-5p"	5972.89722045614	4710.21211475995	3403.80738996297	4869.08793684419
"mmu-mir-7067-3p"	0	0.838116034654796	0	0
"mmu-mir-5627-3p"	1.07387580374975	0	0	1.1732742016492
"mmu-mir-6935-3p"	0	0.838116034654796	0	0
"mmu-mir-199b-3p"	109.535331982475	177.680599346817	190.969690593701	129.060162181412
"mmu-mir-6376"	0	0.838116034654796	0	0
"mmu-mir-7053-5p"	0	0.838116034654796	0.909379479017626	0
"mmu-mir-5100"	6.44325482249853	8.38116034654796	11.8219332272291	15.2525646214396
"mmu-mir-125b-2-3p"	0	0	0.909379479017626	0
"mmu-mir-29a-3p"	118.126338412473	93.0308798466824	100.031742691939	111.461049156674
"mmu-mir-429-3p"	315.719486302428	478.564255787889	299.185848596799	411.81924477887
"mmu-mir-153-5p"	0	0	0	1.1732742016492
"mmu-mir-135a-2-3p"	1.07387580374975	0	0	0
"mmu-mir-383-5p"	0	1.67623206930959	0.909379479017626	2.34654840329841
"mmu-mir-22-3p"	3071.2847987243	2661.01841002898	3070.97450064252	5480.36379590343
"mmu-mir-465c-5p"	5.36937901874878	6.70492827723837	10.0031742691939	15.2525646214396
"mmu-mir-135b-3p"	22.5513918787449	23.4672489703343	21.825107496423	37.5447744527745
"mmu-mir-3063-5p"	2.14775160749951	0.838116034654796	1.81875895803525	2.34654840329841
"mmu-mir-294-5p"	499.352248743636	518.793825451319	359.204894211962	366.061550914552
"mmu-mir-376b-5p"	30.0685225049931	17.6004367277507	19.0969690593701	25.8120324362825
"mmu-mir-497a-3p"	2.14775160749951	3.35246413861918	0.909379479017626	0
"mmu-mir-7011-5p"	0	0.838116034654796	0	0
"mmu-mir-290a-5p"	5043.9946502126	6532.27637409948	3451.09512287189	3566.75357301358
"mmu-mir-540-5p"	38.6595289349912	29.3340612129179	48.1971123879342	29.3318550412301
"mmu-mir-341-5p"	19.3297644674956	22.6291329356795	30.9189022865993	23.4654840329841
"mmu-mir-103-2-5p"	1.07387580374975	0	0.909379479017626	0
"mmu-mir-370-3p"	3911.05567725661	3610.60387729286	3508.38603005	3348.52457150683
"mmu-mir-382-3p"	471.431477846142	749.275734981388	339.198545673574	303.878018227144
"mmu-mir-486a-3p"	0	0.838116034654796	0.909379479017626	0
"mmu-mir-376c-3p"	297.463597638682	341.951342139157	158.232029349067	242.867759741385
"mmu-mir-106a-5p"	1952.30621121705	3023.9226530345	2408.03686043867	1185.0069436657
"mmu-mir-291a-3p"	12890.8051482121	8714.73052834057	9600.31915998908	9054.1570141269
"mmu-mir-6516-5p"	4.29550321499902	3.35246413861918	2.72813843705288	1.1732742016492
"mmu-mir-6995-3p"	1.07387580374975	0	0	0
"mmu-mir-6951-3p"	1.07387580374975	2.51434810396439	0	1.1732742016492
"mmu-mir-467e-3p"	3.22162741124927	1.67623206930959	0.909379479017626	1.1732742016492
"mmu-mir-669o-5p"	107.387580374975	81.2972553615152	100.941122170956	125.540339576465
"mmu-mir-3473e"	23.6252676824946	25.1434810396439	40.0126970767755	52.7973390742142
"mmu-mir-1839-3p"	12.8865096449971	14.2479725891315	23.6438664544583	15.2525646214396
"mmu-mir-1946a"	50.4721627762385	39.3914536287754	42.7408355138284	69.223177897303
"mmu-mir-877-5p"	68.7280514399843	89.6784157080632	79.1160146745335	49.2775164692666
"mmu-mir-7115-3p"	0	0.838116034654796	0	1.1732742016492
"mmu-mir-1843a-3p"	2.14775160749951	2.51434810396439	1.81875895803525	1.1732742016492
"mmu-mir-350-3p"	30.0685225049931	21.7910169010247	26.3720048915112	21.1189356296857
"mmu-mir-3960"	0	0.838116034654796	0.909379479017626	0
"mmu-mir-32-3p"	63.3586724212355	76.2685591535865	71.8409788423924	103.24812974513
"mmu-mir-196a-5p"	314.645610498678	317.645977134168	333.742268799469	420.032164190415
"mmu-mir-323-5p"	8.59100642999804	15.0860886237863	14.550071664282	14.0792904197904
"mmu-mir-5107-3p"	0	0.838116034654796	0	0
"mmu-mir-342-5p"	11.8126338412473	8.38116034654796	16.3688306223173	16.4258388230888
"mmu-mir-29a-5p"	0	0.838116034654796	0	0
"mmu-mir-292b-5p"	0	0.838116034654796	0	0
"mmu-mir-191-5p"	7708.28051931574	8883.19185130618	7165.00091517987	7629.80213332477
"mmu-mir-6546-5p"	7.51713062624829	10.0573924158576	25.4626254124935	32.8516776461777
"mmu-mir-3094-5p"	0	0.838116034654796	0	0
"mmu-mir-466q"	60.1370450099863	16.7623206930959	45.4689739508813	100.901581341832
"mmu-mir-3076-5p"	0	0	0.909379479017626	1.1732742016492
"mmu-mir-6377"	0	0.838116034654796	0	0
"mmu-mir-291b-5p"	4718.61028167642	4333.0598991653	5196.19434310671	3633.63020250758
"mmu-mir-1936"	5.36937901874878	2.51434810396439	5.45627687410576	2.34654840329841
"mmu-mir-6379"	0	0	0.909379479017626	0
"mmu-mir-298-3p"	18.2558886637458	10.0573924158576	12.7313127062468	8.21291941154442
"mmu-mir-93-3p"	51.5460385799882	55.3156582872165	59.1096661361457	51.624064872565
"mmu-mir-7047-5p"	0	0.838116034654796	0	0
"mmu-mir-322-5p"	37.5856531312414	25.1434810396439	90.9379479017626	49.2775164692666
"mmu-mir-466m-5p"	19.3297644674956	7.54304431189317	9.09379479017626	15.2525646214396
"mmu-mir-487b-5p"	0	1.67623206930959	4.54689739508813	3.51982260494761
"mmu-mir-7116-3p"	0	5.02869620792878	2.72813843705288	4.69309680659681
"mmu-mir-1907"	0	0.838116034654796	0	1.1732742016492
"mmu-mir-31-5p"	75.1713062624828	165.94697486165	51.8346303040047	23.4654840329841
"mmu-mir-466i-3p"	35.4379015237419	37.7152215594658	33.6470407236522	26.9853066379317
"mmu-mir-669l-5p"	98.7965739449775	67.0492827723837	75.478496758463	85.6490167203919
"mmu-mir-6999-3p"	0	0.838116034654796	0	0
"mmu-mir-666-3p"	13.9603854487468	5.02869620792878	0	2.34654840329841
"mmu-mir-30b-5p"	370.487152293665	372.123519386729	207.338521216019	198.283340078715
"mmu-mir-665-3p"	501.500000351136	875.831256214262	493.793057106571	309.74438923539
"mmu-mir-871-3p"	7.51713062624829	5.02869620792878	18.1875895803525	10.5594678148428
"mmu-mir-20b-3p"	10.7387580374976	8.38116034654796	10.9125537482115	8.21291941154442
"mmu-mir-3060-5p"	11.8126338412473	6.70492827723837	7.27503583214101	3.51982260494761
"mmu-mir-8098"	1.07387580374975	0.838116034654796	1.81875895803525	1.1732742016492
"mmu-mir-3064-5p"	1.07387580374975	1.67623206930959	1.81875895803525	0
"mmu-mir-331-5p"	6.44325482249853	7.54304431189317	10.0031742691939	9.38619361319363
"mmu-mir-200a-3p"	2092.98394150827	3048.22801803949	1775.10874304241	2161.17107943783
"mmu-mir-381-5p"	4.29550321499902	0.838116034654796	2.72813843705288	1.1732742016492
"mmu-mir-30d-3p"	15.0342612524966	20.1147848317151	15.4594511432996	12.9060162181412
"mmu-mir-665-5p"	0	1.67623206930959	1.81875895803525	0
"mmu-mir-6937-5p"	1.07387580374975	0	0	0
"mmu-mir-181c-5p"	502.573876154885	309.26481678762	215.522936527177	202.976436885312
"mmu-mir-224-5p"	13.9603854487468	27.6578291436083	21.825107496423	17.5991130247381
"mmu-mir-32-5p"	1076.02355535725	748.437618946733	995.7705295243	1112.26394316344
"mmu-mir-5128"	21.4775160749951	15.0860886237863	17.2782101013349	36.3715002511253
"mmu-let-7a-1-3p"	0	0	0	2.34654840329841
"mmu-mir-874-3p"	6.44325482249853	1.67623206930959	3.6375179160705	2.34654840329841
"mmu-mir-139-3p"	0	0	0.909379479017626	1.1732742016492
"mmu-mir-377-3p"	182.558886637458	160.080162619066	133.678783415591	153.698920416046
"mmu-mir-694"	0	0	0.909379479017626	0
"mmu-mir-99b-3p"	167.524625384962	143.31784192597	179.147757366472	178.337678650679
"mmu-mir-301a-5p"	234.104925217447	216.233936940937	190.060311114684	281.585808395809
"mmu-mir-409-3p"	2541.86402747567	2593.96912725659	1983.35664373744	2879.21489084715
"mmu-mir-705"	0	0.838116034654796	0.909379479017626	0
"mmu-mir-1900"	0	0	0.909379479017626	0
"mmu-mir-7044-5p"	0	0.838116034654796	1.81875895803525	2.34654840329841
"mmu-mir-6928-3p"	0	0	0.909379479017626	0
"mmu-mir-126a-5p"	50.4721627762385	52.8013101832522	53.6533892620399	58.6637100824602
"mmu-mir-7224-3p"	1.07387580374975	1.67623206930959	0.909379479017626	1.1732742016492
"mmu-mir-6911-5p"	1.07387580374975	0	0	1.1732742016492
"mmu-mir-7091-5p"	0	0.838116034654796	0	0
"mmu-mir-802-5p"	1.07387580374975	0	0	1.1732742016492
"mmu-mir-496a-5p"	0	0.838116034654796	0.909379479017626	0
"mmu-mir-3970"	1.07387580374975	0	2.72813843705288	3.51982260494761
"mmu-mir-30e-5p"	8818.66810039299	11091.6276026216	5295.31670631964	6037.6690416868
"mmu-mir-1964-3p"	31.1423983087429	24.3053650049891	33.6470407236522	30.5051292428793
"mmu-mir-500-3p"	5.36937901874878	5.86681224258357	5.45627687410576	5.86637100824602
"mmu-mir-146a-5p"	61.210920813736	106.440736401159	27.2813843705288	11.732742016492
"mmu-mir-7033-5p"	16.1081370562463	14.2479725891315	11.8219332272291	19.9456614280365
"mmu-mir-1247-5p"	4.29550321499902	5.86681224258357	7.27503583214101	7.03964520989522
"mmu-mir-3078-5p"	2.14775160749951	3.35246413861918	4.54689739508813	5.86637100824602
"mmu-mir-6992-3p"	0	0.838116034654796	0	0
"mmu-mir-29c-3p"	1.07387580374975	0.838116034654796	1.81875895803525	1.1732742016492
"mmu-mir-219b-3p"	1.07387580374975	0.838116034654796	1.81875895803525	0
"mmu-mir-325-5p"	0	0.838116034654796	0	0
"mmu-mir-24-3p"	2115.53533338702	1993.03993040911	2928.20192243676	2063.78932070095
"mmu-mir-653-5p"	1.07387580374975	2.51434810396439	0.909379479017626	0
"mmu-mir-5101"	0	0.838116034654796	0	2.34654840329841
"mmu-mir-7063-3p"	0	0.838116034654796	0	0
"mmu-mir-147-3p"	61.210920813736	0	72.7503583214101	83.3024683170935
"mmu-mir-128-1-5p"	5.36937901874878	4.19058017327398	6.36565635312338	3.51982260494761
"mmu-mir-30b-3p"	17.1820128599961	20.9529008663699	12.7313127062468	8.21291941154442
"mmu-mir-539-3p"	4.29550321499902	0	3.6375179160705	10.5594678148428
"mmu-mir-679-3p"	12.8865096449971	17.6004367277507	14.550071664282	17.5991130247381
"mmu-mir-181d-3p"	11.8126338412473	2.51434810396439	0.909379479017626	2.34654840329841
"mmu-mir-3084-5p"	4.29550321499902	4.19058017327398	5.45627687410576	4.69309680659681
"mmu-mir-7a-1-3p"	13.9603854487468	20.1147848317151	12.7313127062468	11.732742016492
"mmu-mir-7020-3p"	1.07387580374975	0	0	1.1732742016492
"mmu-mir-6932-5p"	1.07387580374975	0.838116034654796	0	0
"mmu-mir-493-3p"	57.9892934024868	37.7152215594658	60.9284250941809	51.624064872565
"mmu-mir-3099-3p"	0	3.35246413861918	9.09379479017626	5.86637100824602
"mmu-mir-6540-3p"	0	0	0	2.34654840329841
"mmu-mir-181d-5p"	2386.15203593196	1802.78759054247	1053.06143670241	1398.54284836585
"mmu-mir-337-5p"	1058.84154249726	1274.77448870994	958.485970884578	1007.84253921667
"mmu-mir-379-3p"	189.002141459957	279.092639540047	267.357566831182	178.337678650679
"mmu-mir-331-3p"	23.6252676824946	16.7623206930959	8.18441531115863	2.34654840329841
"mmu-mir-1249-3p"	2.14775160749951	5.02869620792878	6.36565635312338	7.03964520989522
"mmu-mir-19b-3p"	1710.68415537336	3108.57237253464	1251.30616312825	901.074586866588
"mmu-mir-7669-3p"	3.22162741124927	1.67623206930959	0	0
"mmu-mir-6395"	3.22162741124927	0.838116034654796	1.81875895803525	1.1732742016492
"mmu-mir-6540-5p"	0	4.19058017327398	10.9125537482115	14.0792904197904
"mmu-mir-196a-1-3p"	92.3533191224789	78.7829072575508	60.9284250941809	89.1688393253395
"mmu-mir-377-5p"	26.8468950937439	18.4385527624055	31.8282817656169	28.1585808395809
"mmu-mir-7214-5p"	0	0	0.909379479017626	0
"mmu-mir-466n-5p"	10.7387580374976	2.51434810396439	12.7313127062468	7.03964520989522
"mmu-mir-130b-5p"	309.276231479929	319.322209203477	303.732745991887	430.591632005258
"mmu-mir-7021-3p"	0	0	0.909379479017626	1.1732742016492
"mmu-mir-485-5p"	45.1027837574897	66.2111667377289	65.4753224892691	73.9162747038998
"mmu-mir-28a-3p"	33.2901499162424	47.7726139753234	42.7408355138284	43.4111454610205
"mmu-mir-7029-5p"	0	0	0	1.1732742016492
"mmu-mir-344e-3p"	0	0.838116034654796	0	0
"mmu-mir-669a-3p"	405.925053817407	479.402371822543	265.538807873147	207.669533691909
"mmu-mir-1194"	40.8072805424907	41.9058017327398	34.5564202026698	43.4111454610205
"mmu-mir-3081-3p"	4.29550321499902	1.67623206930959	3.6375179160705	1.1732742016492
"mmu-mir-6955-5p"	1.07387580374975	1.67623206930959	0	0
"mmu-mir-3062-3p"	0	0	0.909379479017626	1.1732742016492
"mmu-mir-490-3p"	0	0	0.909379479017626	0
"mmu-mir-361-5p"	341.492505592422	486.107300099782	457.417877945866	386.007212342588
"mmu-mir-301b-3p"	66.5802998324848	30.1721772475727	56.3815276990928	37.5447744527745
"mmu-mir-136-5p"	318.941113713677	277.416407470738	341.01730463161	301.531469823845
"mmu-let-7f-2-3p"	6.44325482249853	0	12.7313127062468	10.5594678148428
"mmu-mir-10a-3p"	0	0	0	1.1732742016492
"mmu-mir-299a-3p"	653.990364483601	554.832814941475	520.165061998082	586.637100824602
"mmu-mir-450a-5p"	263.09957191869	250.596694361784	306.46088442894	337.902970074971
"mmu-mir-346-5p"	13.9603854487468	2.51434810396439	11.8219332272291	11.732742016492
"mmu-mir-6960-5p"	0	1.67623206930959	0	0
"mmu-mir-1930-5p"	7.51713062624829	0.838116034654796	5.45627687410576	3.51982260494761
"mmu-mir-743b-3p"	3.22162741124927	0	1.81875895803525	8.21291941154442
"mmu-mir-669f-3p"	110.609207786225	76.2685591535865	45.4689739508813	73.9162747038998
"mmu-mir-744-3p"	5.36937901874878	14.2479725891315	13.6406921852644	9.38619361319363
"mmu-mir-7092-3p"	1.07387580374975	0	0	0
"mmu-mir-7240-5p"	1.07387580374975	0	0	0
"mmu-mir-3079-3p"	0	0	0.909379479017626	1.1732742016492
"mmu-mir-6973b-3p"	0	0	0.909379479017626	0
"mmu-mir-340-5p"	1132.93897295599	1428.98783908643	602.918594588686	585.463826622953
"mmu-mir-5621-5p"	0	0	0.909379479017626	0
"mmu-mir-3470a"	55.8415417949873	62.0205865644549	54.5627687410576	55.1438874775126
"mmu-mir-669l-3p"	0	0.838116034654796	0.909379479017626	2.34654840329841
"mmu-mir-30a-5p"	4064.61991719282	5528.21336458304	2286.18001025031	2269.11230598956
"mmu-mir-23a-5p"	0	0	0	3.51982260494761
"mmu-mir-6952-3p"	0	0.838116034654796	0.909379479017626	0
"mmu-mir-7647-3p"	0	1.67623206930959	0.909379479017626	0
"mmu-mir-192-5p"	469.283726238643	692.283844624862	575.637210218157	495.121713095964
"mmu-mir-137-5p"	1.07387580374975	0	0	0
"mmu-mir-872-3p"	185.780514048708	186.061759693365	140.953819247732	168.951485037485
"mmu-mir-3473c"	2.14775160749951	5.86681224258357	2.72813843705288	2.34654840329841
"mmu-mir-449b"	0	0	0	1.1732742016492
"mmu-mir-466c-3p"	187.928265656207	243.891766084546	221.888592880301	109.114500753376
"mmu-mir-1839-5p"	369.413276489916	565.728323391987	452.870980550778	294.49182461395
"mmu-mir-1193-3p"	239.474304236195	243.053650049891	240.985561939671	151.352372012747
"mmu-mir-205-5p"	91.2794433187292	425.762945604636	360.11427369098	237.001388733139
"mmu-mir-883a-3p"	4.29550321499902	2.51434810396439	1.81875895803525	2.34654840329841
"mmu-mir-6386"	0	0	0.909379479017626	1.1732742016492
"mmu-mir-381-3p"	6554.9379060885	4997.68591464655	4369.56839667969	4185.06907728271
"mmu-mir-194-5p"	186.854389852457	340.275110069847	329.195371404381	179.510952852328
"mmu-mir-1938"	3.22162741124927	2.51434810396439	0.909379479017626	2.34654840329841
"mmu-mir-6927-3p"	0	1.67623206930959	0.909379479017626	2.34654840329841
"mmu-mir-34a-5p"	482.17023588364	492.81222837702	309.189022865993	328.516776461777
"mmu-mir-199b-5p"	1.07387580374975	6.70492827723837	2.72813843705288	3.51982260494761
"mmu-mir-186-5p"	1150.12098581599	865.773863798404	682.943988742237	889.341844850096
"mmu-mir-132-5p"	4.29550321499902	1.67623206930959	3.6375179160705	3.51982260494761
"mmu-mir-676-5p"	13.9603854487468	25.9815970742987	23.6438664544583	24.6387582346333
"mmu-mir-92a-1-5p"	120.274090019973	125.717405198219	95.4848452968507	130.233436383062
"mmu-mir-195a-5p"	96.648822337478	151.699002272518	108.216158003097	53.9706132758634
"mmu-mir-666-5p"	99.8704497487272	84.6497195001344	84.5722915486392	77.4360973088474
"mmu-mir-328-5p"	4.29550321499902	5.86681224258357	14.550071664282	15.2525646214396
"mmu-mir-6970-3p"	0	0	2.72813843705288	2.34654840329841
"mmu-mir-127-3p"	9574.67666623282	9691.97382474806	6506.61017237111	6963.38238678802
"mmu-mir-452-5p"	6.44325482249853	10.0573924158576	2.72813843705288	1.1732742016492
"mmu-mir-3061-5p"	1.07387580374975	2.51434810396439	1.81875895803525	0
"mmu-mir-294-3p"	14758.2751709329	10248.4828717588	8595.4548356746	13871.6208860985
"mmu-mir-376b-3p"	1157.63811644224	1401.33000994282	685.67212717929	680.499036956538
"mmu-mir-692"	1.07387580374975	1.67623206930959	4.54689739508813	1.1732742016492
"mmu-mir-3962"	0	0.838116034654796	1.81875895803525	3.51982260494761
"mmu-mir-221-5p"	6.44325482249853	9.21927638120276	4.54689739508813	5.86637100824602
"mmu-mir-3969"	2.14775160749951	0	0	0
"mmu-mir-503-3p"	7.51713062624829	3.35246413861918	8.18441531115863	9.38619361319363
"mmu-mir-7236-5p"	1.07387580374975	0	0	0
"mmu-mir-1896"	0	0	0.909379479017626	1.1732742016492
"mmu-mir-330-5p"	119.200214216223	84.6497195001344	94.5754658178331	110.287774955025
"mmu-mir-5113"	7.51713062624829	3.35246413861918	5.45627687410576	9.38619361319363
"mmu-mir-3074-1-3p"	11.8126338412473	1.67623206930959	0.909379479017626	3.51982260494761
"mmu-mir-7061-5p"	1.07387580374975	0	0	0
"mmu-mir-489-3p"	0	0	0	1.1732742016492
"mmu-mir-145a-3p"	24.6991434862444	37.7152215594658	20.0063485383878	16.4258388230888
"mmu-mir-411-5p"	4227.84903936279	3147.96382616341	5308.9573985049	4030.19688266501
"mmu-mir-7081-3p"	0	0	0	1.1732742016492
"mmu-mir-146b-3p"	2.14775160749951	5.02869620792878	3.6375179160705	3.51982260494761
"mmu-mir-6977-3p"	1.07387580374975	0	0	0
"mmu-mir-210-3p"	1524.90364132465	1560.57205652723	1405.90067456125	815.425570146196
"mmu-mir-1931"	0	0	0.909379479017626	0
"mmu-mir-485-3p"	614.25695974486	697.31254083279	468.330431694077	598.369842841094
"mmu-mir-669k-5p"	0	0	3.6375179160705	1.1732742016492
"mmu-mir-1971"	0	0	0	2.34654840329841
"mmu-mir-141-5p"	4.29550321499902	1.67623206930959	4.54689739508813	2.34654840329841
"mmu-mir-3098-3p"	2.14775160749951	2.51434810396439	2.72813843705288	3.51982260494761
"mmu-mir-3057-3p"	0	0.838116034654796	1.81875895803525	2.34654840329841
"mmu-mir-7665-5p"	1.07387580374975	0	0.909379479017626	0
"mmu-mir-6932-3p"	1.07387580374975	0.838116034654796	0	0
"mmu-mir-3095-3p"	5.36937901874878	7.54304431189317	1.81875895803525	1.1732742016492
"mmu-mir-200b-3p"	771.042827092324	2537.81535293472	1126.72117450284	802.519553928055
"mmu-let-7d-3p"	10.7387580374976	6.70492827723837	250.079356729847	190.070420667171
"mmu-mir-3060-3p"	3.22162741124927	0.838116034654796	2.72813843705288	0
"mmu-mir-5132-5p"	0	0	2.72813843705288	3.51982260494761
"mmu-mir-2136"	0	0	0	1.1732742016492
"mmu-mir-5118"	1.07387580374975	2.51434810396439	4.54689739508813	3.51982260494761
"mmu-mir-7677-5p"	0	0	0.909379479017626	0
"mmu-mir-295-3p"	43542.4422146413	33337.7415104638	24244.9662900889	31850.8747521709
"mmu-mir-3572-3p"	1.07387580374975	0	0	0
"mmu-mir-34b-5p"	0	0.838116034654796	2.72813843705288	2.34654840329841
"mmu-mir-6372"	0	0	0	1.1732742016492
"mmu-mir-412-5p"	105.239828767476	134.936681579422	69.1128404053396	105.594678148428
"mmu-mir-3078-3p"	0	0.838116034654796	0	0
"mmu-mir-7652-3p"	1.07387580374975	4.19058017327398	0.909379479017626	0
"mmu-mir-326-5p"	0	0	0.909379479017626	1.1732742016492
"mmu-mir-7021-5p"	1.07387580374975	0	0	0
"mmu-mir-3092-3p"	2.14775160749951	0.838116034654796	0	0
"mmu-mir-15a-3p"	7.51713062624829	10.0573924158576	10.9125537482115	12.9060162181412
"mmu-let-7a-5p"	315.719486302428	331.893949723299	2210.70151349185	3433.00031402557
"mmu-mir-465a-5p"	1.07387580374975	5.02869620792878	4.54689739508813	3.51982260494761
"mmu-mir-674-3p"	59.0631692062365	89.6784157080632	154.594511432996	111.461049156674
"mmu-mir-320-3p"	310.350107283679	496.164692515639	281.907638495464	239.347937136438
"mmu-mir-1945"	1.07387580374975	4.19058017327398	0.909379479017626	1.1732742016492
"mmu-mir-141-3p"	37.5856531312414	30.1721772475727	43.650214992846	32.8516776461777
"mmu-mir-101c"	33.2901499162424	44.4201498367042	18.1875895803525	26.9853066379317
"mmu-mir-201-5p"	0	0	0.909379479017626	0
"mmu-mir-135a-5p"	1.07387580374975	0.838116034654796	0.909379479017626	1.1732742016492
"mmu-mir-302b-3p"	1826.66274217833	1922.6381834981	2947.29889149613	6679.45002998892
"mmu-mir-130a-3p"	287.798715404934	264.006550916261	235.529285065565	233.481566128192
"mmu-mir-544-3p"	1.07387580374975	0	0	2.34654840329841
"mmu-mir-136-3p"	963.26659596353	895.946041045977	706.587855196695	836.544505775882
"mmu-mir-1231-3p"	0	0	0.909379479017626	0
"mmu-mir-151-5p"	32.2162741124926	35.2008734555014	46.3783534298989	30.5051292428793
"mmu-mir-92a-2-5p"	44.02890795374	41.9058017327398	37.2845586397227	31.6784034445285
"mmu-mir-6965-3p"	0	1.67623206930959	2.72813843705288	2.34654840329841
"mmu-mir-6715-3p"	0	0	0	1.1732742016492
"mmu-mir-1981-5p"	272.764454152438	210.367124698354	815.71339267881	921.020248294625
"mmu-mir-680"	1.07387580374975	0	0	0
"mmu-mir-210-5p"	35.4379015237419	20.9529008663699	54.5627687410576	26.9853066379317
"mmu-mir-466b-3p"	1.07387580374975	4.19058017327398	1.81875895803525	0
"mmu-mir-290b-5p"	0	0.838116034654796	0	0
"mmu-mir-467b-3p"	1.07387580374975	0.838116034654796	1.81875895803525	0
"mmu-mir-211-5p"	438.1413279299	166.785090896304	264.629428394129	233.481566128192
"mmu-mir-29b-3p"	1.07387580374975	4.19058017327398	7.27503583214101	5.86637100824602
"mmu-mir-6896-5p"	0	0	0.909379479017626	1.1732742016492
"mmu-mir-489-5p"	1.07387580374975	0.838116034654796	0	0
"mmu-mir-671-5p"	32.2162741124926	25.9815970742987	25.4626254124935	28.1585808395809
"mmu-mir-690"	106.313704571226	77.1066751882412	156.413270391032	233.481566128192
"mmu-mir-677-3p"	27.9207708974936	30.1721772475727	53.6533892620399	52.7973390742142
"mmu-mir-3076-3p"	0	1.67623206930959	1.81875895803525	1.1732742016492
"mmu-mir-6364"	0	1.67623206930959	1.81875895803525	1.1732742016492
"mmu-mir-101a-5p"	1.07387580374975	0.838116034654796	0.909379479017626	2.34654840329841
"mmu-let-7f-1-3p"	0	0	7.27503583214101	16.4258388230888
"mmu-mir-6903-3p"	0	0	0.909379479017626	0
"mmu-mir-714"	76.2451820662326	77.944791222896	93.6660863388155	113.807597559973
"mmu-mir-450b-3p"	49.3982869724887	48.6107300099782	47.2877329089165	56.3171616791618
"mmu-mir-7680-5p"	0	0	0.909379479017626	1.1732742016492
"mmu-mir-302a-3p"	217.9967881612	243.891766084546	378.301863271332	551.438874775126
"mmu-mir-3074-5p"	16.1081370562463	15.9242046584411	7.27503583214101	14.0792904197904
"mmu-mir-378a-5p"	41.8811563462404	42.7439177673946	32.7376612446345	35.1982260494761
"mmu-mir-1941-3p"	0	0	0	1.1732742016492
"mmu-mir-466h-5p"	78.3929336737321	45.258265871359	54.5627687410576	49.2775164692666
"mmu-mir-5106"	5.36937901874878	2.51434810396439	1.81875895803525	3.51982260494761
"mmu-mir-26a-5p"	13312.8383390857	13455.9529363828	9583.04094988774	13620.5402069456
"mmu-mir-211-3p"	10.7387580374976	6.70492827723837	5.45627687410576	1.1732742016492
"mmu-mir-138-5p"	19.3297644674956	20.9529008663699	17.2782101013349	21.1189356296857
"mmu-mir-741-3p"	7.51713062624829	9.21927638120276	15.4594511432996	11.732742016492
"mmu-mir-3057-5p"	20.4036402712453	22.6291329356795	15.4594511432996	10.5594678148428
"mmu-mir-339-5p"	137.456102879969	139.965377787351	165.507065181208	84.4757425187427
"mmu-mir-25-3p"	3216.25803223052	3616.47068953545	4034.91674840121	2828.76410017623
"mmu-mir-669k-3p"	0	0.838116034654796	0	0
"mmu-mir-181c-3p"	199.740899497454	188.576107797329	165.507065181208	86.8222909220411
"mmu-mir-5126"	10.7387580374976	12.5717405198219	13.6406921852644	16.4258388230888
"mmu-mir-291a-5p"	9167.67773661166	9281.29696776721	7427.81158461597	8176.5479112933
"mmu-mir-664-3p"	3.22162741124927	4.19058017327398	7.27503583214101	7.03964520989522
"mmu-mir-96-3p"	37.5856531312414	65.3730507030741	30.0095228075817	44.5844196626697
"mmu-mir-187-5p"	1.07387580374975	4.19058017327398	0	5.86637100824602
"mmu-let-7g-5p"	1740.75267787835	1625.10699119565	12403.0267143214	16613.5626953527
"mmu-mir-7003-5p"	0	0.838116034654796	0.909379479017626	1.1732742016492
